Time stamp,Value,Events,Comment,User
10/28/2021 15:15,0,,,
10/28/2021 15:00,0,,,
10/28/2021 14:45,0,,,
10/28/2021 14:30,0,,,
10/28/2021 14:15,0,,,
10/28/2021 14:00,0,,,
10/28/2021 13:45,0,,,
10/28/2021 13:30,0,,,
10/28/2021 13:15,0,,,
10/28/2021 13:00,0,,,
10/28/2021 12:45,0,,,
10/28/2021 12:30,0,,,
10/28/2021 12:15,0,,,
10/28/2021 12:00,0,,,
10/28/2021 11:45,0,,,
10/28/2021 11:30,0,,,
10/28/2021 11:15,0,,,
10/28/2021 11:00,0,,,
10/28/2021 10:45,0,,,
10/28/2021 10:30,0,,,
10/28/2021 10:15,0,,,
10/28/2021 10:00,0,,,
10/28/2021 9:45,0,,,
10/28/2021 9:30,0,,,
10/28/2021 9:15,0,,,
10/28/2021 9:00,0,,,
10/28/2021 8:45,0,,,
10/28/2021 8:30,0,,,
10/28/2021 8:15,0,,,
10/28/2021 8:00,0,,,
10/28/2021 7:45,0,,,
10/28/2021 7:30,0,,,
10/28/2021 7:15,0,,,
10/28/2021 7:00,0,,,
10/28/2021 6:45,0,,,
10/28/2021 6:30,0,,,
10/28/2021 6:15,0,,,
10/28/2021 6:00,0,,,
10/28/2021 5:45,0,,,
10/28/2021 5:30,0,,,
10/28/2021 5:15,0,,,
10/28/2021 5:00,0,,,
10/28/2021 4:45,0,,,
10/28/2021 4:30,0,,,
10/28/2021 4:15,0,,,
10/28/2021 4:00,0,,,
10/28/2021 3:45,0,,,
10/28/2021 3:30,0,,,
10/28/2021 3:15,0,,,
10/28/2021 3:00,0,,,
10/28/2021 2:45,0,,,
10/28/2021 2:30,0,,,
10/28/2021 2:15,0,,,
10/28/2021 2:00,0,,,
10/28/2021 1:45,0,,,
10/28/2021 1:30,0,,,
10/28/2021 1:15,0,,,
10/28/2021 1:00,0,,,
10/28/2021 0:45,0,,,
10/28/2021 0:30,0,,,
10/28/2021 0:15,0,,,
10/28/2021 0:00,0,,,
10/27/2021 23:45,0,,,
10/27/2021 23:30,0,,,
10/27/2021 23:15,0,,,
10/27/2021 23:00,0,,,
10/27/2021 22:45,0,,,
10/27/2021 22:30,0,,,
10/27/2021 22:15,0,,,
10/27/2021 22:00,0,,,
10/27/2021 21:45,0,,,
10/27/2021 21:30,0,,,
10/27/2021 21:15,0,,,
10/27/2021 21:00,0,,,
10/27/2021 20:45,0,,,
10/27/2021 20:30,0,,,
10/27/2021 20:15,0,,,
10/27/2021 20:00,0,,,
10/27/2021 19:45,0,,,
10/27/2021 19:30,0,,,
10/27/2021 19:15,0,,,
10/27/2021 19:00,0,,,
10/27/2021 18:45,0,,,
10/27/2021 18:30,0,,,
10/27/2021 18:15,0,,,
10/27/2021 18:00,0,,,
10/27/2021 17:45,0,,,
10/27/2021 17:30,0,,,
10/27/2021 17:15,0,,,
10/27/2021 17:00,0,,,
10/27/2021 16:45,0,,,
10/27/2021 16:30,0,,,
10/27/2021 16:15,0,,,
10/27/2021 16:00,0,,,
10/27/2021 15:45,0,,,
10/27/2021 15:30,0,,,
10/27/2021 15:15,0,,,
10/27/2021 15:00,0,,,
10/27/2021 14:45,0,,,
10/27/2021 14:30,0,,,
10/27/2021 14:15,0,,,
10/27/2021 14:00,0,,,
10/27/2021 13:45,0,,,
10/27/2021 13:30,0,,,
10/27/2021 13:15,0,,,
10/27/2021 13:00,0,,,
10/27/2021 12:45,0,,,
10/27/2021 12:30,0,,,
10/27/2021 12:15,0,,,
10/27/2021 12:00,0,,,
10/27/2021 11:45,0,,,
10/27/2021 11:30,0,,,
10/27/2021 11:15,0,,,
10/27/2021 11:00,0,,,
10/27/2021 10:45,0,,,
10/27/2021 10:30,0,,,
10/27/2021 10:15,0,,,
10/27/2021 10:00,0,,,
10/27/2021 9:45,0,,,
10/27/2021 9:30,0,,,
10/27/2021 9:15,0,,,
10/27/2021 9:00,0,,,
10/27/2021 8:45,0,,,
10/27/2021 8:30,0,,,
10/27/2021 8:15,0,,,
10/27/2021 8:00,0,,,
10/27/2021 7:45,0,,,
10/27/2021 7:30,0,,,
10/27/2021 7:15,0,,,
10/27/2021 7:00,0,,,
10/27/2021 6:45,0,,,
10/27/2021 6:30,0,,,
10/27/2021 6:15,0,,,
10/27/2021 6:00,0,,,
10/27/2021 5:45,0,,,
10/27/2021 5:30,0,,,
10/27/2021 5:15,0,,,
10/27/2021 5:00,0,,,
10/27/2021 4:45,0,,,
10/27/2021 4:30,0,,,
10/27/2021 4:15,0,,,
10/27/2021 4:00,0,,,
10/27/2021 3:45,0,,,
10/27/2021 3:30,0,,,
10/27/2021 3:15,0,,,
10/27/2021 3:00,0,,,
10/27/2021 2:45,0,,,
10/27/2021 2:30,0,,,
10/27/2021 2:15,0,,,
10/27/2021 2:00,0,,,
10/27/2021 1:45,0,,,
10/27/2021 1:30,0,,,
10/27/2021 1:15,0,,,
10/27/2021 1:00,0,,,
10/27/2021 0:45,0,,,
10/27/2021 0:30,0,,,
10/27/2021 0:15,0,,,
10/27/2021 0:00,0,,,
10/26/2021 23:45,0,,,
10/26/2021 23:30,0,,,
10/26/2021 23:15,0,,,
10/26/2021 23:00,0,,,
10/26/2021 22:45,0,,,
10/26/2021 22:30,0,,,
10/26/2021 22:15,0,,,
10/26/2021 22:00,0,,,
10/26/2021 21:45,0,,,
10/26/2021 21:30,0,,,
10/26/2021 21:15,0,,,
10/26/2021 21:00,0,,,
10/26/2021 20:45,0,,,
10/26/2021 20:30,0,,,
10/26/2021 20:15,0,,,
10/26/2021 20:00,0,,,
10/26/2021 19:45,0,,,
10/26/2021 19:30,0,,,
10/26/2021 19:15,0,,,
10/26/2021 19:00,0,,,
10/26/2021 18:45,0,,,
10/26/2021 18:30,0,,,
10/26/2021 18:15,0,,,
10/26/2021 18:00,0,,,
10/26/2021 17:45,0,,,
10/26/2021 17:30,0,,,
10/26/2021 17:15,0,,,
10/26/2021 17:00,0,,,
10/26/2021 16:45,0,,,
10/26/2021 16:30,0,,,
10/26/2021 16:15,0,,,
10/26/2021 16:00,0,,,
10/26/2021 15:45,0,,,
10/26/2021 15:30,0,,,
10/26/2021 15:15,0,,,
10/26/2021 15:00,0,,,
10/26/2021 14:45,0,,,
10/26/2021 14:30,0,,,
10/26/2021 14:15,0,,,
10/26/2021 14:00,0,,,
10/26/2021 13:45,0,,,
10/26/2021 13:30,0,,,
10/26/2021 13:15,0,,,
10/26/2021 13:00,0,,,
10/26/2021 12:45,0,,,
10/26/2021 12:30,0,,,
10/26/2021 12:15,0,,,
10/26/2021 12:00,0,,,
10/26/2021 11:45,0,,,
10/26/2021 11:30,0,,,
10/26/2021 11:15,0,,,
10/26/2021 11:00,0,,,
10/26/2021 10:45,0,,,
10/26/2021 10:30,0,,,
10/26/2021 10:15,0,,,
10/26/2021 10:00,0,,,
10/26/2021 9:45,0,,,
10/26/2021 9:30,0,,,
10/26/2021 9:15,0,,,
10/26/2021 9:00,0,,,
10/26/2021 8:45,0,,,
10/26/2021 8:30,0,,,
10/26/2021 8:15,0,,,
10/26/2021 8:00,0,,,
10/26/2021 7:45,0,,,
10/26/2021 7:30,0,,,
10/26/2021 7:15,0,,,
10/26/2021 7:00,0,,,
10/26/2021 6:45,0,,,
10/26/2021 6:30,0,,,
10/26/2021 6:15,0,,,
10/26/2021 6:00,0,,,
10/26/2021 5:45,0,,,
10/26/2021 5:30,0,,,
10/26/2021 5:15,0,,,
10/26/2021 5:00,0,,,
10/26/2021 4:45,0,,,
10/26/2021 4:30,0,,,
10/26/2021 4:15,0,,,
10/26/2021 4:00,0,,,
10/26/2021 3:45,0,,,
10/26/2021 3:30,0,,,
10/26/2021 3:15,0,,,
10/26/2021 3:00,0,,,
10/26/2021 2:45,0,,,
10/26/2021 2:30,0,,,
10/26/2021 2:15,0,,,
10/26/2021 2:00,0,,,
10/26/2021 1:45,0,,,
10/26/2021 1:30,0,,,
10/26/2021 1:15,0,,,
10/26/2021 1:00,0,,,
10/26/2021 0:45,0,,,
10/26/2021 0:30,0,,,
10/26/2021 0:15,0,,,
10/26/2021 0:00,0,,,
10/25/2021 23:45,0,,,
10/25/2021 23:30,0,,,
10/25/2021 23:15,0,,,
10/25/2021 23:00,0,,,
10/25/2021 22:45,0,,,
10/25/2021 22:30,0,,,
10/25/2021 22:15,0,,,
10/25/2021 22:00,0,,,
10/25/2021 21:45,0,,,
10/25/2021 21:30,0,,,
10/25/2021 21:15,0,,,
10/25/2021 21:00,0,,,
10/25/2021 20:45,0,,,
10/25/2021 20:30,0,,,
10/25/2021 20:15,0,,,
10/25/2021 20:00,0,,,
10/25/2021 19:45,0,,,
10/25/2021 19:30,0,,,
10/25/2021 19:15,0,,,
10/25/2021 19:00,0,,,
10/25/2021 18:45,0,,,
10/25/2021 18:30,0,,,
10/25/2021 18:15,0,,,
10/25/2021 18:00,0,,,
10/25/2021 17:45,0,,,
10/25/2021 17:30,0,,,
10/25/2021 17:15,0,,,
10/25/2021 17:00,0,,,
10/25/2021 16:45,0,,,
10/25/2021 16:30,0,,,
10/25/2021 16:15,0,,,
10/25/2021 16:00,0,,,
10/25/2021 15:45,0,,,
10/25/2021 15:30,0,,,
10/25/2021 15:15,0,,,
10/25/2021 15:00,0,,,
10/25/2021 14:45,0,,,
10/25/2021 14:30,0,,,
10/25/2021 14:15,0,,,
10/25/2021 14:00,0,,,
10/25/2021 13:45,0,,,
10/25/2021 13:30,0,,,
10/25/2021 13:15,0,,,
10/25/2021 13:00,0,,,
10/25/2021 12:45,0,,,
10/25/2021 12:30,0,,,
10/25/2021 12:15,0,,,
10/25/2021 12:00,0,,,
10/25/2021 11:45,0,,,
10/25/2021 11:30,0,,,
10/25/2021 11:15,0,,,
10/25/2021 11:00,0,,,
10/25/2021 10:45,0,,,
10/25/2021 10:30,0,,,
10/25/2021 10:15,0,,,
10/25/2021 10:00,0,,,
10/25/2021 9:45,0,,,
10/25/2021 9:30,0,,,
10/25/2021 9:15,0,,,
10/25/2021 9:00,0,,,
10/25/2021 8:45,0,,,
10/25/2021 8:30,0,,,
10/25/2021 8:15,0,,,
10/25/2021 8:00,0,,,
10/25/2021 7:45,0,,,
10/25/2021 7:30,0,,,
10/25/2021 7:15,0,,,
10/25/2021 7:00,0,,,
10/25/2021 6:45,0,,,
10/25/2021 6:30,0,,,
10/25/2021 6:15,0,,,
10/25/2021 6:00,0,,,
10/25/2021 5:45,0,,,
10/25/2021 5:30,0,,,
10/25/2021 5:15,0,,,
10/25/2021 5:00,0,,,
10/25/2021 4:45,0,,,
10/25/2021 4:30,0,,,
10/25/2021 4:15,0,,,
10/25/2021 4:00,0,,,
10/25/2021 3:45,0,,,
10/25/2021 3:30,0,,,
10/25/2021 3:15,0,,,
10/25/2021 3:00,0,,,
10/25/2021 2:45,0,,,
10/25/2021 2:30,0,,,
10/25/2021 2:15,0,,,
10/25/2021 2:00,0,,,
10/25/2021 1:45,0,,,
10/25/2021 1:30,0,,,
10/25/2021 1:15,0,,,
10/25/2021 1:00,0,,,
10/25/2021 0:45,0,,,
10/25/2021 0:30,0,,,
10/25/2021 0:15,0,,,
10/25/2021 0:00,0,,,
10/24/2021 23:45,0,,,
10/24/2021 23:30,0,,,
10/24/2021 23:15,0,,,
10/24/2021 23:00,0,,,
10/24/2021 22:45,0,,,
10/24/2021 22:30,0,,,
10/24/2021 22:15,0,,,
10/24/2021 22:00,0,,,
10/24/2021 21:45,0,,,
10/24/2021 21:30,0,,,
10/24/2021 21:15,0,,,
10/24/2021 21:00,0,,,
10/24/2021 20:45,0,,,
10/24/2021 20:30,0,,,
10/24/2021 20:15,0,,,
10/24/2021 20:00,0,,,
10/24/2021 19:45,0,,,
10/24/2021 19:30,0,,,
10/24/2021 19:15,0,,,
10/24/2021 19:00,0,,,
10/24/2021 18:45,0,,,
10/24/2021 18:30,0,,,
10/24/2021 18:15,0,,,
10/24/2021 18:00,0,,,
10/24/2021 17:45,0,,,
10/24/2021 17:30,0,,,
10/24/2021 17:15,0,,,
10/24/2021 17:00,0,,,
10/24/2021 16:45,0,,,
10/24/2021 16:30,0,,,
10/24/2021 16:15,0,,,
10/24/2021 16:00,0,,,
10/24/2021 15:45,0,,,
10/24/2021 15:30,0,,,
10/24/2021 15:15,0,,,
10/24/2021 15:00,0,,,
10/24/2021 14:45,0,,,
10/24/2021 14:30,0,,,
10/24/2021 14:15,0,,,
10/24/2021 14:00,0,,,
10/24/2021 13:45,0,,,
10/24/2021 13:30,0,,,
10/24/2021 13:15,0,,,
10/24/2021 13:00,0,,,
10/24/2021 12:45,0,,,
10/24/2021 12:30,0,,,
10/24/2021 12:15,0,,,
10/24/2021 12:00,0,,,
10/24/2021 11:45,0,,,
10/24/2021 11:30,0,,,
10/24/2021 11:15,0,,,
10/24/2021 11:00,0,,,
10/24/2021 10:45,0,,,
10/24/2021 10:30,0,,,
10/24/2021 10:15,0,,,
10/24/2021 10:00,0,,,
10/24/2021 9:45,0,,,
10/24/2021 9:30,0,,,
10/24/2021 9:15,0,,,
10/24/2021 9:00,0,,,
10/24/2021 8:45,0,,,
10/24/2021 8:30,0,,,
10/24/2021 8:15,0,,,
10/24/2021 8:00,0,,,
10/24/2021 7:45,0,,,
10/24/2021 7:30,0,,,
10/24/2021 7:15,0,,,
10/24/2021 7:00,0,,,
10/24/2021 6:45,0,,,
10/24/2021 6:30,0,,,
10/24/2021 6:15,0,,,
10/24/2021 6:00,0,,,
10/24/2021 5:45,0,,,
10/24/2021 5:30,0,,,
10/24/2021 5:15,0,,,
10/24/2021 5:00,0,,,
10/24/2021 4:45,0,,,
10/24/2021 4:30,0,,,
10/24/2021 4:15,0,,,
10/24/2021 4:00,0,,,
10/24/2021 3:45,0,,,
10/24/2021 3:30,0,,,
10/24/2021 3:15,0,,,
10/24/2021 3:00,0,,,
10/24/2021 2:45,0,,,
10/24/2021 2:30,0,,,
10/24/2021 2:15,0,,,
10/24/2021 2:00,0,,,
10/24/2021 1:45,0,,,
10/24/2021 1:30,0,,,
10/24/2021 1:15,0,,,
10/24/2021 1:00,0,,,
10/24/2021 0:45,0,,,
10/24/2021 0:30,0,,,
10/24/2021 0:15,0,,,
10/24/2021 0:00,0,,,
10/23/2021 23:45,0,,,
10/23/2021 23:30,0,,,
10/23/2021 23:15,0,,,
10/23/2021 23:00,0,,,
10/23/2021 22:45,0,,,
10/23/2021 22:30,0,,,
10/23/2021 22:15,0,,,
10/23/2021 22:00,0,,,
10/23/2021 21:45,0,,,
10/23/2021 21:30,0,,,
10/23/2021 21:15,0,,,
10/23/2021 21:00,0,,,
10/23/2021 20:45,0,,,
10/23/2021 20:30,0,,,
10/23/2021 20:15,0,,,
10/23/2021 20:00,0,,,
10/23/2021 19:45,0,,,
10/23/2021 19:30,0,,,
10/23/2021 19:15,0,,,
10/23/2021 19:00,0,,,
10/23/2021 18:45,0,,,
10/23/2021 18:30,0,,,
10/23/2021 18:15,0,,,
10/23/2021 18:00,0,,,
10/23/2021 17:45,0,,,
10/23/2021 17:30,0,,,
10/23/2021 17:15,0,,,
10/23/2021 17:00,0,,,
10/23/2021 16:45,0,,,
10/23/2021 16:30,0,,,
10/23/2021 16:15,0,,,
10/23/2021 16:00,0,,,
10/23/2021 15:45,0,,,
10/23/2021 15:30,0,,,
10/23/2021 15:15,0,,,
10/23/2021 15:00,0,,,
10/23/2021 14:45,0,,,
10/23/2021 14:30,0,,,
10/23/2021 14:15,0,,,
10/23/2021 14:00,0,,,
10/23/2021 13:45,0,,,
10/23/2021 13:30,0,,,
10/23/2021 13:15,0,,,
10/23/2021 13:00,0,,,
10/23/2021 12:45,0,,,
10/23/2021 12:30,0,,,
10/23/2021 12:15,0,,,
10/23/2021 12:00,0,,,
10/23/2021 11:45,0,,,
10/23/2021 11:30,0,,,
10/23/2021 11:15,0,,,
10/23/2021 11:00,0,,,
10/23/2021 10:45,0,,,
10/23/2021 10:30,0,,,
10/23/2021 10:15,0,,,
10/23/2021 10:00,0,,,
10/23/2021 9:45,0,,,
10/23/2021 9:30,0,,,
10/23/2021 9:15,0,,,
10/23/2021 9:00,0,,,
10/23/2021 8:45,0,,,
10/23/2021 8:30,0,,,
10/23/2021 8:15,0,,,
10/23/2021 8:00,0,,,
10/23/2021 7:45,0,,,
10/23/2021 7:30,0,,,
10/23/2021 7:15,0,,,
10/23/2021 7:00,0,,,
10/23/2021 6:45,0,,,
10/23/2021 6:30,0,,,
10/23/2021 6:15,0,,,
10/23/2021 6:00,0,,,
10/23/2021 5:45,0,,,
10/23/2021 5:30,0,,,
10/23/2021 5:15,0,,,
10/23/2021 5:00,0,,,
10/23/2021 4:45,0,,,
10/23/2021 4:30,0,,,
10/23/2021 4:15,0,,,
10/23/2021 4:00,0,,,
10/23/2021 3:45,0,,,
10/23/2021 3:30,0,,,
10/23/2021 3:15,0,,,
10/23/2021 3:00,0,,,
10/23/2021 2:45,0,,,
10/23/2021 2:30,0,,,
10/23/2021 2:15,0,,,
10/23/2021 2:00,0,,,
10/23/2021 1:45,0,,,
10/23/2021 1:30,0,,,
10/23/2021 1:15,0,,,
10/23/2021 1:00,0,,,
10/23/2021 0:45,0,,,
10/23/2021 0:30,0,,,
10/23/2021 0:15,0,,,
10/23/2021 0:00,0,,,
10/22/2021 23:45,0,,,
10/22/2021 23:30,0,,,
10/22/2021 23:15,0,,,
10/22/2021 23:00,0,,,
10/22/2021 22:45,0,,,
10/22/2021 22:30,0,,,
10/22/2021 22:15,0,,,
10/22/2021 22:00,0,,,
10/22/2021 21:45,0,,,
10/22/2021 21:30,0,,,
10/22/2021 21:15,0,,,
10/22/2021 21:00,0,,,
10/22/2021 20:45,0,,,
10/22/2021 20:30,0,,,
10/22/2021 20:15,0,,,
10/22/2021 20:00,0,,,
10/22/2021 19:45,0,,,
10/22/2021 19:30,0,,,
10/22/2021 19:15,0,,,
10/22/2021 19:00,0,,,
10/22/2021 18:45,0,,,
10/22/2021 18:30,0,,,
10/22/2021 18:15,0,,,
10/22/2021 18:00,0,,,
10/22/2021 17:45,0,,,
10/22/2021 17:30,0,,,
10/22/2021 17:15,0,,,
10/22/2021 17:00,0,,,
10/22/2021 16:45,0,,,
10/22/2021 16:30,0,,,
10/22/2021 16:15,0,,,
10/22/2021 16:00,0,,,
10/22/2021 15:45,0,,,
10/22/2021 15:30,0,,,
10/22/2021 15:15,0,,,
10/22/2021 15:00,0,,,
10/22/2021 14:45,0,,,
10/22/2021 14:30,0,,,
10/22/2021 14:15,0,,,
10/22/2021 14:00,0,,,
10/22/2021 13:45,0,,,
10/22/2021 13:30,0,,,
10/22/2021 13:15,0,,,
10/22/2021 13:00,0,,,
10/22/2021 12:45,0,,,
10/22/2021 12:30,0,,,
10/22/2021 12:15,0,,,
10/22/2021 12:00,0,,,
10/22/2021 11:45,0,,,
10/22/2021 11:30,0,,,
10/22/2021 11:15,0,,,
10/22/2021 11:00,0,,,
10/22/2021 10:45,0,,,
10/22/2021 10:30,0,,,
10/22/2021 10:15,0,,,
10/22/2021 10:00,0,,,
10/22/2021 9:45,0,,,
10/22/2021 9:30,0,,,
10/22/2021 9:15,0,,,
10/22/2021 9:00,0,,,
10/22/2021 8:45,0,,,
10/22/2021 8:30,0,,,
10/22/2021 8:15,0,,,
10/22/2021 8:00,0,,,
10/22/2021 7:45,0,,,
10/22/2021 7:30,0,,,
10/22/2021 7:15,0,,,
10/22/2021 7:00,0,,,
10/22/2021 6:45,0,,,
10/22/2021 6:30,0,,,
10/22/2021 6:15,0,,,
10/22/2021 6:00,0,,,
10/22/2021 5:45,0,,,
10/22/2021 5:30,0,,,
10/22/2021 5:15,0,,,
10/22/2021 5:00,0,,,
10/22/2021 4:45,0,,,
10/22/2021 4:30,0,,,
10/22/2021 4:15,0,,,
10/22/2021 4:00,0,,,
10/22/2021 3:45,0,,,
10/22/2021 3:30,0,,,
10/22/2021 3:15,0,,,
10/22/2021 3:00,0,,,
10/22/2021 2:45,0,,,
10/22/2021 2:30,0,,,
10/22/2021 2:15,0,,,
10/22/2021 2:00,0,,,
10/22/2021 1:45,0,,,
10/22/2021 1:30,0,,,
10/22/2021 1:15,0,,,
10/22/2021 1:00,0,,,
10/22/2021 0:45,0,,,
10/22/2021 0:30,0,,,
10/22/2021 0:15,0,,,
10/22/2021 0:00,0,,,
10/21/2021 23:45,0,,,
10/21/2021 23:30,0,,,
10/21/2021 23:15,0,,,
10/21/2021 23:00,0,,,
10/21/2021 22:45,0,,,
10/21/2021 22:30,0,,,
10/21/2021 22:15,0,,,
10/21/2021 22:00,0,,,
10/21/2021 21:45,0,,,
10/21/2021 21:30,0,,,
10/21/2021 21:15,0,,,
10/21/2021 21:00,0,,,
10/21/2021 20:45,0,,,
10/21/2021 20:30,0,,,
10/21/2021 20:15,0,,,
10/21/2021 20:00,0,,,
10/21/2021 19:45,0,,,
10/21/2021 19:30,0,,,
10/21/2021 19:15,0,,,
10/21/2021 19:00,0,,,
10/21/2021 18:45,0,,,
10/21/2021 18:30,0,,,
10/21/2021 18:15,0,,,
10/21/2021 18:00,0,,,
10/21/2021 17:45,0,,,
10/21/2021 17:30,0,,,
10/21/2021 17:15,0,,,
10/21/2021 17:00,0,,,
10/21/2021 16:45,0,,,
10/21/2021 16:30,0,,,
10/21/2021 16:15,0,,,
10/21/2021 16:00,0,,,
10/21/2021 15:45,0,,,
10/21/2021 15:30,0,,,
10/21/2021 15:15,0,,,
10/21/2021 15:00,0,,,
10/21/2021 14:45,0,,,
10/21/2021 14:30,0,,,
10/21/2021 14:15,0,,,
10/21/2021 14:00,0,,,
10/21/2021 13:45,0,,,
10/21/2021 13:30,0,,,
10/21/2021 13:15,0,,,
10/21/2021 13:00,0,,,
10/21/2021 12:45,0,,,
10/21/2021 12:30,0,,,
10/21/2021 12:15,0,,,
10/21/2021 12:00,0,,,
10/21/2021 11:45,0,,,
10/21/2021 11:30,0,,,
10/21/2021 11:15,0,,,
10/21/2021 11:00,0,,,
10/21/2021 10:45,0,,,
10/21/2021 10:30,0,,,
10/21/2021 10:15,0,,,
10/21/2021 10:00,0,,,
10/21/2021 9:45,0,,,
10/21/2021 9:30,0,,,
10/21/2021 9:15,0,,,
10/21/2021 9:00,0,,,
10/21/2021 8:45,0,,,
10/21/2021 8:30,0,,,
10/21/2021 8:15,0,,,
10/21/2021 8:00,0,,,
10/21/2021 7:45,0,,,
10/21/2021 7:30,0,,,
10/21/2021 7:15,0,,,
10/21/2021 7:00,0,,,
10/21/2021 6:45,0,,,
10/21/2021 6:30,0,,,
10/21/2021 6:15,0,,,
10/21/2021 6:00,0,,,
10/21/2021 5:45,0,,,
10/21/2021 5:30,0,,,
10/21/2021 5:15,0,,,
10/21/2021 5:00,0,,,
10/21/2021 4:45,0,,,
10/21/2021 4:30,0,,,
10/21/2021 4:15,0,,,
10/21/2021 4:00,0,,,
10/21/2021 3:45,0,,,
10/21/2021 3:30,0,,,
10/21/2021 3:15,0,,,
10/21/2021 3:00,0,,,
10/21/2021 2:45,0,,,
10/21/2021 2:30,0,,,
10/21/2021 2:15,0,,,
10/21/2021 2:00,0,,,
10/21/2021 1:45,0,,,
10/21/2021 1:30,0,,,
10/21/2021 1:15,0,,,
10/21/2021 1:00,0,,,
10/21/2021 0:45,0,,,
10/21/2021 0:30,0,,,
10/21/2021 0:15,0,,,
10/21/2021 0:00,0,,,
10/20/2021 23:45,0,,,
10/20/2021 23:30,0,,,
10/20/2021 23:15,0,,,
10/20/2021 23:00,0,,,
10/20/2021 22:45,0,,,
10/20/2021 22:30,0,,,
10/20/2021 22:15,0,,,
10/20/2021 22:00,0,,,
10/20/2021 21:45,0,,,
10/20/2021 21:30,0,,,
10/20/2021 21:15,0,,,
10/20/2021 21:00,0,,,
10/20/2021 20:45,0,,,
10/20/2021 20:30,0,,,
10/20/2021 20:15,0,,,
10/20/2021 20:00,0,,,
10/20/2021 19:45,0,,,
10/20/2021 19:30,0,,,
10/20/2021 19:15,0,,,
10/20/2021 19:00,0,,,
10/20/2021 18:45,0,,,
10/20/2021 18:30,0,,,
10/20/2021 18:15,0,,,
10/20/2021 18:00,0,,,
10/20/2021 17:45,0,,,
10/20/2021 17:30,0,,,
10/20/2021 17:15,0,,,
10/20/2021 17:00,0,,,
10/20/2021 16:45,0,,,
10/20/2021 16:30,0,,,
10/20/2021 16:15,0,,,
10/20/2021 16:00,0,,,
10/20/2021 15:45,0,,,
10/20/2021 15:30,0,,,
10/20/2021 15:15,0,,,
10/20/2021 15:00,0,,,
10/20/2021 14:45,0,,,
10/20/2021 14:30,0,,,
10/20/2021 14:15,0,,,
10/20/2021 14:00,0,,,
10/20/2021 13:45,0,,,
10/20/2021 13:30,0,,,
10/20/2021 13:15,0,,,
10/20/2021 13:00,0,,,
10/20/2021 12:45,0,,,
10/20/2021 12:30,0,,,
10/20/2021 12:15,0,,,
10/20/2021 12:00,0,,,
10/20/2021 11:45,0,,,
10/20/2021 11:30,0,,,
10/20/2021 11:15,0,,,
10/20/2021 11:00,0,,,
10/20/2021 10:45,0,,,
10/20/2021 10:30,0,,,
10/20/2021 10:15,0,,,
10/20/2021 10:00,0,,,
10/20/2021 9:45,0,,,
10/20/2021 9:30,0,,,
10/20/2021 9:15,0,,,
10/20/2021 9:00,0,,,
10/20/2021 8:45,0,,,
10/20/2021 8:30,0,,,
10/20/2021 8:15,0,,,
10/20/2021 8:00,0,,,
10/20/2021 7:45,0,,,
10/20/2021 7:30,0,,,
10/20/2021 7:15,0,,,
10/20/2021 7:00,0,,,
10/20/2021 6:45,0,,,
10/20/2021 6:30,0,,,
10/20/2021 6:15,0,,,
10/20/2021 6:00,0,,,
10/20/2021 5:45,0,,,
10/20/2021 5:30,0,,,
10/20/2021 5:15,0,,,
10/20/2021 5:00,0,,,
10/20/2021 4:45,0,,,
10/20/2021 4:30,0,,,
10/20/2021 4:15,0,,,
10/20/2021 4:00,0,,,
10/20/2021 3:45,0,,,
10/20/2021 3:30,0,,,
10/20/2021 3:15,0,,,
10/20/2021 3:00,0,,,
10/20/2021 2:45,0,,,
10/20/2021 2:30,0,,,
10/20/2021 2:15,0,,,
10/20/2021 2:00,0,,,
10/20/2021 1:45,0,,,
10/20/2021 1:30,0,,,
10/20/2021 1:15,0,,,
10/20/2021 1:00,0,,,
10/20/2021 0:45,0,,,
10/20/2021 0:30,0,,,
10/20/2021 0:15,0,,,
10/20/2021 0:00,0,,,
10/19/2021 23:45,0,,,
10/19/2021 23:30,0,,,
10/19/2021 23:15,0,,,
10/19/2021 23:00,0,,,
10/19/2021 22:45,0,,,
10/19/2021 22:30,0,,,
10/19/2021 22:15,0,,,
10/19/2021 22:00,0,,,
10/19/2021 21:45,0,,,
10/19/2021 21:30,0,,,
10/19/2021 21:15,0,,,
10/19/2021 21:00,0,,,
10/19/2021 20:45,0,,,
10/19/2021 20:30,0,,,
10/19/2021 20:15,0,,,
10/19/2021 20:00,0,,,
10/19/2021 19:45,0,,,
10/19/2021 19:30,0,,,
10/19/2021 19:15,0,,,
10/19/2021 19:00,0,,,
10/19/2021 18:45,0,,,
10/19/2021 18:30,0,,,
10/19/2021 18:15,0,,,
10/19/2021 18:00,0,,,
10/19/2021 17:45,0,,,
10/19/2021 17:30,0,,,
10/19/2021 17:15,0,,,
10/19/2021 17:00,0,,,
10/19/2021 16:45,0,,,
10/19/2021 16:30,0,,,
10/19/2021 16:15,0,,,
10/19/2021 16:00,0,,,
10/19/2021 15:45,0,,,
10/19/2021 15:30,0,,,
10/19/2021 15:15,0,,,
10/19/2021 15:00,0,,,
10/19/2021 14:45,0,,,
10/19/2021 14:30,0,,,
10/19/2021 14:15,0,,,
10/19/2021 14:00,0,,,
10/19/2021 13:45,0,,,
10/19/2021 13:30,0,,,
10/19/2021 13:15,0,,,
10/19/2021 13:00,0,,,
10/19/2021 12:45,0,,,
10/19/2021 12:30,0,,,
10/19/2021 12:15,0,,,
10/19/2021 12:00,0,,,
10/19/2021 11:45,0,,,
10/19/2021 11:30,0,,,
10/19/2021 11:15,0,,,
10/19/2021 11:00,0,,,
10/19/2021 10:45,0,,,
10/19/2021 10:30,0,,,
10/19/2021 10:15,0,,,
10/19/2021 10:00,0,,,
10/19/2021 9:45,0,,,
10/19/2021 9:30,0,,,
10/19/2021 9:15,0,,,
10/19/2021 9:00,0,,,
10/19/2021 8:45,0,,,
10/19/2021 8:30,0,,,
10/19/2021 8:15,0,,,
10/19/2021 8:00,0,,,
10/19/2021 7:45,0,,,
10/19/2021 7:30,0,,,
10/19/2021 7:15,0,,,
10/19/2021 7:00,0,,,
10/19/2021 6:45,0,,,
10/19/2021 6:30,0,,,
10/19/2021 6:15,0,,,
10/19/2021 6:00,0,,,
10/19/2021 5:45,0,,,
10/19/2021 5:30,0,,,
10/19/2021 5:15,0,,,
10/19/2021 5:00,0,,,
10/19/2021 4:45,0,,,
10/19/2021 4:30,0,,,
10/19/2021 4:15,0,,,
10/19/2021 4:00,0,,,
10/19/2021 3:45,0,,,
10/19/2021 3:30,0,,,
10/19/2021 3:15,0,,,
10/19/2021 3:00,0,,,
10/19/2021 2:45,0,,,
10/19/2021 2:30,0,,,
10/19/2021 2:15,0,,,
10/19/2021 2:00,0,,,
10/19/2021 1:45,0,,,
10/19/2021 1:30,0,,,
10/19/2021 1:15,0,,,
10/19/2021 1:00,0,,,
10/19/2021 0:45,0,,,
10/19/2021 0:30,0,,,
10/19/2021 0:15,0,,,
10/19/2021 0:00,0,,,
10/18/2021 23:45,0,,,
10/18/2021 23:30,0,,,
10/18/2021 23:15,0,,,
10/18/2021 23:00,0,,,
10/18/2021 22:45,0,,,
10/18/2021 22:30,0,,,
10/18/2021 22:15,0,,,
10/18/2021 22:00,0,,,
10/18/2021 21:45,0,,,
10/18/2021 21:30,0,,,
10/18/2021 21:15,0,,,
10/18/2021 21:00,0,,,
10/18/2021 20:45,0,,,
10/18/2021 20:30,0,,,
10/18/2021 20:15,0,,,
10/18/2021 20:00,0,,,
10/18/2021 19:45,0,,,
10/18/2021 19:30,0,,,
10/18/2021 19:15,0,,,
10/18/2021 19:00,0,,,
10/18/2021 18:45,0,,,
10/18/2021 18:30,0,,,
10/18/2021 18:15,0,,,
10/18/2021 18:00,0,,,
10/18/2021 17:45,0,,,
10/18/2021 17:30,0,,,
10/18/2021 17:15,0,,,
10/18/2021 17:00,0,,,
10/18/2021 16:45,0,,,
10/18/2021 16:30,0,,,
10/18/2021 16:15,0,,,
10/18/2021 16:00,0,,,
10/18/2021 15:45,0,,,
10/18/2021 15:30,0,,,
10/18/2021 15:15,0,,,
10/18/2021 15:00,0,,,
10/18/2021 14:45,0,,,
10/18/2021 14:30,0,,,
10/18/2021 14:15,0,,,
10/18/2021 14:00,0,,,
10/18/2021 13:45,0,,,
10/18/2021 13:30,0,,,
10/18/2021 13:15,0,,,
10/18/2021 13:00,0,,,
10/18/2021 12:45,0,,,
10/18/2021 12:30,0,,,
10/18/2021 12:15,0,,,
10/18/2021 12:00,0,,,
10/18/2021 11:45,0,,,
10/18/2021 11:30,0,,,
10/18/2021 11:15,0,,,
10/18/2021 11:00,0,,,
10/18/2021 10:45,0,,,
10/18/2021 10:30,0,,,
10/18/2021 10:15,0,,,
10/18/2021 10:00,0,,,
10/18/2021 9:45,0,,,
10/18/2021 9:30,0,,,
10/18/2021 9:15,0,,,
10/18/2021 9:00,0,,,
10/18/2021 8:45,0,,,
10/18/2021 8:30,0,,,
10/18/2021 8:15,0,,,
10/18/2021 8:00,0,,,
10/18/2021 7:45,0,,,
10/18/2021 7:30,0,,,
10/18/2021 7:15,0,,,
10/18/2021 7:00,0,,,
10/18/2021 6:45,0,,,
10/18/2021 6:30,0,,,
10/18/2021 6:15,0,,,
10/18/2021 6:00,0,,,
10/18/2021 5:45,0,,,
10/18/2021 5:30,0,,,
10/18/2021 5:15,0,,,
10/18/2021 5:00,0,,,
10/18/2021 4:45,0,,,
10/18/2021 4:30,0,,,
10/18/2021 4:15,0,,,
10/18/2021 4:00,0,,,
10/18/2021 3:45,0,,,
10/18/2021 3:30,0,,,
10/18/2021 3:15,0,,,
10/18/2021 3:00,0,,,
10/18/2021 2:45,0,,,
10/18/2021 2:30,0,,,
10/18/2021 2:15,0,,,
10/18/2021 2:00,0,,,
10/18/2021 1:45,0,,,
10/18/2021 1:30,0,,,
10/18/2021 1:15,0,,,
10/18/2021 1:00,0,,,
10/18/2021 0:45,0,,,
10/18/2021 0:30,0,,,
10/18/2021 0:15,0,,,
10/18/2021 0:00,0,,,
10/17/2021 23:45,0,,,
10/17/2021 23:30,0,,,
10/17/2021 23:15,0,,,
10/17/2021 23:00,0,,,
10/17/2021 22:45,0,,,
10/17/2021 22:30,0,,,
10/17/2021 22:15,0,,,
10/17/2021 22:00,0,,,
10/17/2021 21:45,0,,,
10/17/2021 21:30,0,,,
10/17/2021 21:15,0,,,
10/17/2021 21:00,0,,,
10/17/2021 20:45,0,,,
10/17/2021 20:30,0,,,
10/17/2021 20:15,0,,,
10/17/2021 20:00,0,,,
10/17/2021 19:45,0,,,
10/17/2021 19:30,0,,,
10/17/2021 19:15,0,,,
10/17/2021 19:00,0,,,
10/17/2021 18:45,0,,,
10/17/2021 18:30,0,,,
10/17/2021 18:15,0,,,
10/17/2021 18:00,0,,,
10/17/2021 17:45,0,,,
10/17/2021 17:30,0,,,
10/17/2021 17:15,0,,,
10/17/2021 17:00,0,,,
10/17/2021 16:45,0,,,
10/17/2021 16:30,0,,,
10/17/2021 16:15,0,,,
10/17/2021 16:00,0,,,
10/17/2021 15:45,0,,,
10/17/2021 15:30,0,,,
10/17/2021 15:15,0,,,
10/17/2021 15:00,0,,,
10/17/2021 14:45,0,,,
10/17/2021 14:30,0,,,
10/17/2021 14:15,0,,,
10/17/2021 14:00,0,,,
10/17/2021 13:45,0,,,
10/17/2021 13:30,0,,,
10/17/2021 13:15,0,,,
10/17/2021 13:00,0,,,
10/17/2021 12:45,0,,,
10/17/2021 12:30,0,,,
10/17/2021 12:15,0,,,
10/17/2021 12:00,0,,,
10/17/2021 11:45,0,,,
10/17/2021 11:30,0,,,
10/17/2021 11:15,0,,,
10/17/2021 11:00,0,,,
10/17/2021 10:45,0,,,
10/17/2021 10:30,0,,,
10/17/2021 10:15,0,,,
10/17/2021 10:00,0,,,
10/17/2021 9:45,0,,,
10/17/2021 9:30,0,,,
10/17/2021 9:15,0,,,
10/17/2021 9:00,0,,,
10/17/2021 8:45,0,,,
10/17/2021 8:30,0,,,
10/17/2021 8:15,0,,,
10/17/2021 8:00,0,,,
10/17/2021 7:45,0,,,
10/17/2021 7:30,0,,,
10/17/2021 7:15,0,,,
10/17/2021 7:00,0,,,
10/17/2021 6:45,0,,,
10/17/2021 6:30,0,,,
10/17/2021 6:15,0,,,
10/17/2021 6:00,0,,,
10/17/2021 5:45,0,,,
10/17/2021 5:30,0,,,
10/17/2021 5:15,0,,,
10/17/2021 5:00,0,,,
10/17/2021 4:45,0,,,
10/17/2021 4:30,0,,,
10/17/2021 4:15,0,,,
10/17/2021 4:00,0,,,
10/17/2021 3:45,0,,,
10/17/2021 3:30,0,,,
10/17/2021 3:15,0,,,
10/17/2021 3:00,0,,,
10/17/2021 2:45,0,,,
10/17/2021 2:30,0,,,
10/17/2021 2:15,0,,,
10/17/2021 2:00,0,,,
10/17/2021 1:45,0,,,
10/17/2021 1:30,0,,,
10/17/2021 1:15,0,,,
10/17/2021 1:00,0,,,
10/17/2021 0:45,0,,,
10/17/2021 0:30,0,,,
10/17/2021 0:15,0,,,
10/17/2021 0:00,0,,,
10/16/2021 23:45,0,,,
10/16/2021 23:30,0,,,
10/16/2021 23:15,0,,,
10/16/2021 23:00,0,,,
10/16/2021 22:45,0,,,
10/16/2021 22:30,0,,,
10/16/2021 22:15,0,,,
10/16/2021 22:00,0,,,
10/16/2021 21:45,0,,,
10/16/2021 21:30,0,,,
10/16/2021 21:15,0,,,
10/16/2021 21:00,0,,,
10/16/2021 20:45,0,,,
10/16/2021 20:30,0,,,
10/16/2021 20:15,0,,,
10/16/2021 20:00,0,,,
10/16/2021 19:45,0,,,
10/16/2021 19:30,0,,,
10/16/2021 19:15,0,,,
10/16/2021 19:00,0,,,
10/16/2021 18:45,0,,,
10/16/2021 18:30,0,,,
10/16/2021 18:15,0,,,
10/16/2021 18:00,0,,,
10/16/2021 17:45,0,,,
10/16/2021 17:30,0,,,
10/16/2021 17:15,0,,,
10/16/2021 17:00,0,,,
10/16/2021 16:45,0,,,
10/16/2021 16:30,0,,,
10/16/2021 16:15,0,,,
10/16/2021 16:00,0,,,
10/16/2021 15:45,0,,,
10/16/2021 15:30,0,,,
10/16/2021 15:15,0,,,
10/16/2021 15:00,0,,,
10/16/2021 14:45,0,,,
10/16/2021 14:30,0,,,
10/16/2021 14:15,0,,,
10/16/2021 14:00,0,,,
10/16/2021 13:45,0,,,
10/16/2021 13:30,0,,,
10/16/2021 13:15,0,,,
10/16/2021 13:00,0,,,
10/16/2021 12:45,0,,,
10/16/2021 12:30,0,,,
10/16/2021 12:15,0,,,
10/16/2021 12:00,0,,,
10/16/2021 11:45,0,,,
10/16/2021 11:30,0,,,
10/16/2021 11:15,0,,,
10/16/2021 11:00,0,,,
10/16/2021 10:45,0,,,
10/16/2021 10:30,0,,,
10/16/2021 10:15,0,,,
10/16/2021 10:00,0,,,
10/16/2021 9:45,0,,,
10/16/2021 9:30,0,,,
10/16/2021 9:15,0,,,
10/16/2021 9:00,0,,,
10/16/2021 8:45,0,,,
10/16/2021 8:30,0,,,
10/16/2021 8:15,0,,,
10/16/2021 8:00,0,,,
10/16/2021 7:45,0,,,
10/16/2021 7:30,0,,,
10/16/2021 7:15,0,,,
10/16/2021 7:00,0,,,
10/16/2021 6:45,0,,,
10/16/2021 6:30,0,,,
10/16/2021 6:15,0,,,
10/16/2021 6:00,0,,,
10/16/2021 5:45,0,,,
10/16/2021 5:30,0,,,
10/16/2021 5:15,0,,,
10/16/2021 5:00,0,,,
10/16/2021 4:45,0,,,
10/16/2021 4:30,0,,,
10/16/2021 4:15,0,,,
10/16/2021 4:00,0,,,
10/16/2021 3:45,0,,,
10/16/2021 3:30,0,,,
10/16/2021 3:15,0,,,
10/16/2021 3:00,0,,,
10/16/2021 2:45,0,,,
10/16/2021 2:30,0,,,
10/16/2021 2:15,0,,,
10/16/2021 2:00,0,,,
10/16/2021 1:45,0,,,
10/16/2021 1:30,0,,,
10/16/2021 1:15,0,,,
10/16/2021 1:00,0,,,
10/16/2021 0:45,0,,,
10/16/2021 0:30,0,,,
10/16/2021 0:15,0,,,
10/16/2021 0:00,0,,,
10/15/2021 23:45,0,,,
10/15/2021 23:30,0,,,
10/15/2021 23:15,0,,,
10/15/2021 23:00,0,,,
10/15/2021 22:45,0,,,
10/15/2021 22:30,0,,,
10/15/2021 22:15,0,,,
10/15/2021 22:00,0,,,
10/15/2021 21:45,0,,,
10/15/2021 21:30,0,,,
10/15/2021 21:15,0,,,
10/15/2021 21:00,0,,,
10/15/2021 20:45,0,,,
10/15/2021 20:30,0,,,
10/15/2021 20:15,0,,,
10/15/2021 20:00,0,,,
10/15/2021 19:45,0,,,
10/15/2021 19:30,0,,,
10/15/2021 19:15,0,,,
10/15/2021 19:00,0,,,
10/15/2021 18:45,0,,,
10/15/2021 18:30,0,,,
10/15/2021 18:15,0,,,
10/15/2021 18:00,0,,,
10/15/2021 17:45,0,,,
10/15/2021 17:30,0,,,
10/15/2021 17:15,0,,,
10/15/2021 17:00,0,,,
10/15/2021 16:45,0,,,
10/15/2021 16:30,0,,,
10/15/2021 16:15,0,,,
10/15/2021 16:00,0,,,
10/15/2021 15:45,0,,,
10/15/2021 15:30,0,,,
10/15/2021 15:15,0,,,
10/15/2021 15:00,0,,,
10/15/2021 14:45,0,,,
10/15/2021 14:30,0,,,
10/15/2021 14:15,0,,,
10/15/2021 14:00,0,,,
10/15/2021 13:45,0,,,
10/15/2021 13:30,0,,,
10/15/2021 13:15,0,,,
10/15/2021 13:00,0,,,
10/15/2021 12:45,0,,,
10/15/2021 12:30,0,,,
10/15/2021 12:15,0,,,
10/15/2021 12:00,0,,,
10/15/2021 11:45,0,,,
10/15/2021 11:30,0,,,
10/15/2021 11:15,0,,,
10/15/2021 11:00,0,,,
10/15/2021 10:45,0,,,
10/15/2021 10:30,0,,,
10/15/2021 10:15,0,,,
10/15/2021 10:00,0,,,
10/15/2021 9:45,0,,,
10/15/2021 9:30,0,,,
10/15/2021 9:15,0,,,
10/15/2021 9:00,0,,,
10/15/2021 8:45,0,,,
10/15/2021 8:30,0,,,
10/15/2021 8:15,0,,,
10/15/2021 8:00,0,,,
10/15/2021 7:45,0,,,
10/15/2021 7:30,0,,,
10/15/2021 7:15,0,,,
10/15/2021 7:00,0,,,
10/15/2021 6:45,0,,,
10/15/2021 6:30,0,,,
10/15/2021 6:15,0,,,
10/15/2021 6:00,0,,,
10/15/2021 5:45,0,,,
10/15/2021 5:30,0,,,
10/15/2021 5:15,0,,,
10/15/2021 5:00,0,,,
10/15/2021 4:45,0,,,
10/15/2021 4:30,0,,,
10/15/2021 4:15,0,,,
10/15/2021 4:00,0,,,
10/15/2021 3:45,0,,,
10/15/2021 3:30,0,,,
10/15/2021 3:15,0,,,
10/15/2021 3:00,0,,,
10/15/2021 2:45,0,,,
10/15/2021 2:30,0,,,
10/15/2021 2:15,0,,,
10/15/2021 2:00,0,,,
10/15/2021 1:45,0,,,
10/15/2021 1:30,0,,,
10/15/2021 1:15,0,,,
10/15/2021 1:00,0,,,
10/15/2021 0:45,0,,,
10/15/2021 0:30,0,,,
10/15/2021 0:15,0,,,
10/15/2021 0:00,0,,,
10/14/2021 23:45,0,,,
10/14/2021 23:30,0,,,
10/14/2021 23:15,0,,,
10/14/2021 23:00,0,,,
10/14/2021 22:45,0,,,
10/14/2021 22:30,0,,,
10/14/2021 22:15,0,,,
10/14/2021 22:00,0,,,
10/14/2021 21:45,0,,,
10/14/2021 21:30,0,,,
10/14/2021 21:15,0,,,
10/14/2021 21:00,0,,,
10/14/2021 20:45,0,,,
10/14/2021 20:30,0,,,
10/14/2021 20:15,0,,,
10/14/2021 20:00,0,,,
10/14/2021 19:45,0,,,
10/14/2021 19:30,0,,,
10/14/2021 19:15,0,,,
10/14/2021 19:00,0,,,
10/14/2021 18:45,0,,,
10/14/2021 18:30,0,,,
10/14/2021 18:15,0,,,
10/14/2021 18:00,0,,,
10/14/2021 17:45,0,,,
10/14/2021 17:30,0,,,
10/14/2021 17:15,0,,,
10/14/2021 17:00,0,,,
10/14/2021 16:45,0,,,
10/14/2021 16:30,0,,,
10/14/2021 16:15,0,,,
10/14/2021 16:00,0,,,
10/14/2021 15:45,0,,,
10/14/2021 15:30,0,,,
10/14/2021 15:15,0,,,
10/14/2021 15:00,0,,,
10/14/2021 14:45,0,,,
10/14/2021 14:30,0,,,
10/14/2021 14:15,0,,,
10/14/2021 14:00,0,,,
10/14/2021 13:45,0,,,
10/14/2021 13:30,0,,,
10/14/2021 13:15,0,,,
10/14/2021 13:00,0,,,
10/14/2021 12:45,0,,,
10/14/2021 12:30,0,,,
10/14/2021 12:15,0,,,
10/14/2021 12:00,0,,,
10/14/2021 11:45,0,,,
10/14/2021 11:30,0,,,
10/14/2021 11:15,0,,,
10/14/2021 11:00,0,,,
10/14/2021 10:45,0,,,
10/14/2021 10:30,0,,,
10/14/2021 10:15,0,,,
10/14/2021 10:00,0,,,
10/14/2021 9:45,0,,,
10/14/2021 9:30,0,,,
10/14/2021 9:15,0,,,
10/14/2021 9:00,0,,,
10/14/2021 8:45,0,,,
10/14/2021 8:30,0,,,
10/14/2021 8:15,0,,,
10/14/2021 8:00,0,,,
10/14/2021 7:45,0,,,
10/14/2021 7:30,0,,,
10/14/2021 7:15,0,,,
10/14/2021 7:00,0,,,
10/14/2021 6:45,0,,,
10/14/2021 6:30,0,,,
10/14/2021 6:15,0,,,
10/14/2021 6:00,0,,,
10/14/2021 5:45,0,,,
10/14/2021 5:30,0,,,
10/14/2021 5:15,0,,,
10/14/2021 5:00,0,,,
10/14/2021 4:45,0,,,
10/14/2021 4:30,0,,,
10/14/2021 4:15,0,,,
10/14/2021 4:00,0,,,
10/14/2021 3:45,0,,,
10/14/2021 3:30,0,,,
10/14/2021 3:15,0,,,
10/14/2021 3:00,0,,,
10/14/2021 2:45,0,,,
10/14/2021 2:30,0,,,
10/14/2021 2:15,0,,,
10/14/2021 2:00,0,,,
10/14/2021 1:45,0,,,
10/14/2021 1:30,0,,,
10/14/2021 1:15,0,,,
10/14/2021 1:00,0,,,
10/14/2021 0:45,0,,,
10/14/2021 0:30,0,,,
10/14/2021 0:15,0,,,
10/14/2021 0:00,0,,,
10/13/2021 23:45,0,,,
10/13/2021 23:30,0,,,
10/13/2021 23:15,0,,,
10/13/2021 23:00,0,,,
10/13/2021 22:45,0,,,
10/13/2021 22:30,0,,,
10/13/2021 22:15,0,,,
10/13/2021 22:00,0,,,
10/13/2021 21:45,0,,,
10/13/2021 21:30,0,,,
10/13/2021 21:15,0,,,
10/13/2021 21:00,0,,,
10/13/2021 20:45,0,,,
10/13/2021 20:30,0,,,
10/13/2021 20:15,0,,,
10/13/2021 20:00,0,,,
10/13/2021 19:45,0,,,
10/13/2021 19:30,0,,,
10/13/2021 19:15,0,,,
10/13/2021 19:00,0,,,
10/13/2021 18:45,0,,,
10/13/2021 18:30,0,,,
10/13/2021 18:15,0,,,
10/13/2021 18:00,0,,,
10/13/2021 17:45,0,,,
10/13/2021 17:30,0,,,
10/13/2021 17:15,0,,,
10/13/2021 17:00,0,,,
10/13/2021 16:45,0,,,
10/13/2021 16:30,0,,,
10/13/2021 16:15,0,,,
10/13/2021 16:00,0,,,
10/13/2021 15:45,0,,,
10/13/2021 15:30,0,,,
10/13/2021 15:15,0,,,
10/13/2021 15:00,0,,,
10/13/2021 14:45,0,,,
10/13/2021 14:30,0,,,
10/13/2021 14:15,0,,,
10/13/2021 14:00,0,,,
10/13/2021 13:45,0,,,
10/13/2021 13:30,0,,,
10/13/2021 13:15,0,,,
10/13/2021 13:00,0,,,
10/13/2021 12:45,0,,,
10/13/2021 12:30,0,,,
10/13/2021 12:15,0,,,
10/13/2021 12:00,0,,,
10/13/2021 11:45,0,,,
10/13/2021 11:30,0,,,
10/13/2021 11:15,0,,,
10/13/2021 11:00,0,,,
10/13/2021 10:45,0,,,
10/13/2021 10:30,0,,,
10/13/2021 10:15,0,,,
10/13/2021 10:00,0,,,
10/13/2021 9:45,0,,,
10/13/2021 9:30,0,,,
10/13/2021 9:15,0,,,
10/13/2021 9:00,0,,,
10/13/2021 8:45,0,,,
10/13/2021 8:30,0,,,
10/13/2021 8:15,0,,,
10/13/2021 8:00,0,,,
10/13/2021 7:45,0,,,
10/13/2021 7:30,0,,,
10/13/2021 7:15,0,,,
10/13/2021 7:00,0,,,
10/13/2021 6:45,0,,,
10/13/2021 6:30,0,,,
10/13/2021 6:15,0,,,
10/13/2021 6:00,0,,,
10/13/2021 5:45,0,,,
10/13/2021 5:30,0,,,
10/13/2021 5:15,0,,,
10/13/2021 5:00,0,,,
10/13/2021 4:45,0,,,
10/13/2021 4:30,0,,,
10/13/2021 4:15,0,,,
10/13/2021 4:00,0,,,
10/13/2021 3:45,0,,,
10/13/2021 3:30,0,,,
10/13/2021 3:15,0,,,
10/13/2021 3:00,0,,,
10/13/2021 2:45,0,,,
10/13/2021 2:30,0,,,
10/13/2021 2:15,0,,,
10/13/2021 2:00,0,,,
10/13/2021 1:45,0,,,
10/13/2021 1:30,0,,,
10/13/2021 1:15,0,,,
10/13/2021 1:00,0,,,
10/13/2021 0:45,0,,,
10/13/2021 0:30,0,,,
10/13/2021 0:15,0,,,
10/13/2021 0:00,0,,,
10/12/2021 23:45,0,,,
10/12/2021 23:30,0,,,
10/12/2021 23:15,0,,,
10/12/2021 23:00,0,,,
10/12/2021 22:45,0,,,
10/12/2021 22:30,0,,,
10/12/2021 22:15,0,,,
10/12/2021 22:00,0,,,
10/12/2021 21:45,0,,,
10/12/2021 21:30,0,,,
10/12/2021 21:15,0,,,
10/12/2021 21:00,0,,,
10/12/2021 20:45,0,,,
10/12/2021 20:30,0,,,
10/12/2021 20:15,0,,,
10/12/2021 20:00,0,,,
10/12/2021 19:45,0,,,
10/12/2021 19:30,0,,,
10/12/2021 19:15,0,,,
10/12/2021 19:00,0,,,
10/12/2021 18:45,0,,,
10/12/2021 18:30,0,,,
10/12/2021 18:15,0,,,
10/12/2021 18:00,0,,,
10/12/2021 17:45,0,,,
10/12/2021 17:30,0,,,
10/12/2021 17:15,0,,,
10/12/2021 17:00,0,,,
10/12/2021 16:45,0,,,
10/12/2021 16:30,0,,,
10/12/2021 16:15,0,,,
10/12/2021 16:00,0,,,
10/12/2021 15:45,0,,,
10/12/2021 15:30,0,,,
10/12/2021 15:15,0,,,
10/12/2021 15:00,0,,,
10/12/2021 14:45,0,,,
10/12/2021 14:30,0,,,
10/12/2021 14:15,0,,,
10/12/2021 14:00,0,,,
10/12/2021 13:45,0,,,
10/12/2021 13:30,0,,,
10/12/2021 13:15,0,,,
10/12/2021 13:00,0,,,
10/12/2021 12:45,0,,,
10/12/2021 12:30,0,,,
10/12/2021 12:15,0,,,
10/12/2021 12:00,0,,,
10/12/2021 11:45,0,,,
10/12/2021 11:30,0,,,
10/12/2021 11:15,0,,,
10/12/2021 11:00,0,,,
10/12/2021 10:45,0,,,
10/12/2021 10:30,0,,,
10/12/2021 10:15,0,,,
10/12/2021 10:00,0,,,
10/12/2021 9:45,0,,,
10/12/2021 9:30,0,,,
10/12/2021 9:15,0,,,
10/12/2021 9:00,0,,,
10/12/2021 8:45,0,,,
10/12/2021 8:30,0,,,
10/12/2021 8:15,0,,,
10/12/2021 8:00,0,,,
10/12/2021 7:45,0,,,
10/12/2021 7:30,0,,,
10/12/2021 7:15,0,,,
10/12/2021 7:00,0,,,
10/12/2021 6:45,0,,,
10/12/2021 6:30,0,,,
10/12/2021 6:15,0,,,
10/12/2021 6:00,0,,,
10/12/2021 5:45,0,,,
10/12/2021 5:30,0,,,
10/12/2021 5:15,0,,,
10/12/2021 5:00,0,,,
10/12/2021 4:45,0,,,
10/12/2021 4:30,0,,,
10/12/2021 4:15,0,,,
10/12/2021 4:00,0,,,
10/12/2021 3:45,0,,,
10/12/2021 3:30,0,,,
10/12/2021 3:15,0,,,
10/12/2021 3:00,0,,,
10/12/2021 2:45,0,,,
10/12/2021 2:30,0,,,
10/12/2021 2:15,0,,,
10/12/2021 2:00,0,,,
10/12/2021 1:45,0,,,
10/12/2021 1:30,0,,,
10/12/2021 1:15,0,,,
10/12/2021 1:00,0,,,
10/12/2021 0:45,0,,,
10/12/2021 0:30,0,,,
10/12/2021 0:15,0,,,
10/12/2021 0:00,0,,,
10/11/2021 23:45,0,,,
10/11/2021 23:30,0,,,
10/11/2021 23:15,0,,,
10/11/2021 23:00,0,,,
10/11/2021 22:45,0,,,
10/11/2021 22:30,0,,,
10/11/2021 22:15,0,,,
10/11/2021 22:00,0,,,
10/11/2021 21:45,0,,,
10/11/2021 21:30,0,,,
10/11/2021 21:15,0,,,
10/11/2021 21:00,0,,,
10/11/2021 20:45,0,,,
10/11/2021 20:30,0,,,
10/11/2021 20:15,0,,,
10/11/2021 20:00,0,,,
10/11/2021 19:45,0,,,
10/11/2021 19:30,0,,,
10/11/2021 19:15,0,,,
10/11/2021 19:00,0,,,
10/11/2021 18:45,0,,,
10/11/2021 18:30,0,,,
10/11/2021 18:15,0,,,
10/11/2021 18:00,0,,,
10/11/2021 17:45,0,,,
10/11/2021 17:30,0,,,
10/11/2021 17:15,0,,,
10/11/2021 17:00,0,,,
10/11/2021 16:45,0,,,
10/11/2021 16:30,0,,,
10/11/2021 16:15,0,,,
10/11/2021 16:00,0,,,
10/11/2021 15:45,0,,,
10/11/2021 15:30,0,,,
10/11/2021 15:15,0,,,
10/11/2021 15:00,0,,,
10/11/2021 14:45,0,,,
10/11/2021 14:30,0,,,
10/11/2021 14:15,0,,,
10/11/2021 14:00,0,,,
10/11/2021 13:45,0,,,
10/11/2021 13:30,0,,,
10/11/2021 13:15,0,,,
10/11/2021 13:00,0,,,
10/11/2021 12:45,0,,,
10/11/2021 12:30,0,,,
10/11/2021 12:15,0,,,
10/11/2021 12:00,0,,,
10/11/2021 11:45,0,,,
10/11/2021 11:30,0,,,
10/11/2021 11:15,0,,,
10/11/2021 11:00,0,,,
10/11/2021 10:45,0,,,
10/11/2021 10:30,0,,,
10/11/2021 10:15,0,,,
10/11/2021 10:00,0,,,
10/11/2021 9:45,0,,,
10/11/2021 9:30,0,,,
10/11/2021 9:15,0,,,
10/11/2021 9:00,0,,,
10/11/2021 8:45,0,,,
10/11/2021 8:30,0,,,
10/11/2021 8:15,0,,,
10/11/2021 8:00,0,,,
10/11/2021 7:45,0,,,
10/11/2021 7:30,0,,,
10/11/2021 7:15,0,,,
10/11/2021 7:00,0,,,
10/11/2021 6:45,0,,,
10/11/2021 6:30,0,,,
10/11/2021 6:15,0,,,
10/11/2021 6:00,0,,,
10/11/2021 5:45,0,,,
10/11/2021 5:30,0,,,
10/11/2021 5:15,0,,,
10/11/2021 5:00,0,,,
10/11/2021 4:45,0,,,
10/11/2021 4:30,0,,,
10/11/2021 4:15,0,,,
10/11/2021 4:00,0,,,
10/11/2021 3:45,0,,,
10/11/2021 3:30,0,,,
10/11/2021 3:15,0,,,
10/11/2021 3:00,0,,,
10/11/2021 2:45,0,,,
10/11/2021 2:30,0,,,
10/11/2021 2:15,0,,,
10/11/2021 2:00,0,,,
10/11/2021 1:45,0,,,
10/11/2021 1:30,0,,,
10/11/2021 1:15,0,,,
10/11/2021 1:00,0,,,
10/11/2021 0:45,0,,,
10/11/2021 0:30,0,,,
10/11/2021 0:15,0,,,
10/11/2021 0:00,0,,,
10/10/2021 23:45,0,,,
10/10/2021 23:30,0,,,
10/10/2021 23:15,0,,,
10/10/2021 23:00,0,,,
10/10/2021 22:45,0,,,
10/10/2021 22:30,0,,,
10/10/2021 22:15,0,,,
10/10/2021 22:00,0,,,
10/10/2021 21:45,0,,,
10/10/2021 21:30,0,,,
10/10/2021 21:15,0,,,
10/10/2021 21:00,0,,,
10/10/2021 20:45,0,,,
10/10/2021 20:30,0,,,
10/10/2021 20:15,0,,,
10/10/2021 20:00,0,,,
10/10/2021 19:45,0,,,
10/10/2021 19:30,0,,,
10/10/2021 19:15,0,,,
10/10/2021 19:00,0,,,
10/10/2021 18:45,0,,,
10/10/2021 18:30,0,,,
10/10/2021 18:15,0,,,
10/10/2021 18:00,0,,,
10/10/2021 17:45,0,,,
10/10/2021 17:30,0,,,
10/10/2021 17:15,0,,,
10/10/2021 17:00,0,,,
10/10/2021 16:45,0,,,
10/10/2021 16:30,0,,,
10/10/2021 16:15,0,,,
10/10/2021 16:00,0,,,
10/10/2021 15:45,0,,,
10/10/2021 15:30,0,,,
10/10/2021 15:15,0,,,
10/10/2021 15:00,0,,,
10/10/2021 14:45,0,,,
10/10/2021 14:30,0,,,
10/10/2021 14:15,0,,,
10/10/2021 14:00,0,,,
10/10/2021 13:45,0,,,
10/10/2021 13:30,0,,,
10/10/2021 13:15,0,,,
10/10/2021 13:00,0,,,
10/10/2021 12:45,0,,,
10/10/2021 12:30,0,,,
10/10/2021 12:15,0,,,
10/10/2021 12:00,0,,,
10/10/2021 11:45,0,,,
10/10/2021 11:30,0,,,
10/10/2021 11:15,0,,,
10/10/2021 11:00,0,,,
10/10/2021 10:45,0,,,
10/10/2021 10:30,0,,,
10/10/2021 10:15,0,,,
10/10/2021 10:00,0,,,
10/10/2021 9:45,0,,,
10/10/2021 9:30,0,,,
10/10/2021 9:15,0,,,
10/10/2021 9:00,0,,,
10/10/2021 8:45,0,,,
10/10/2021 8:30,0,,,
10/10/2021 8:15,0,,,
10/10/2021 8:00,0,,,
10/10/2021 7:45,0,,,
10/10/2021 7:30,0,,,
10/10/2021 7:15,0,,,
10/10/2021 7:00,0,,,
10/10/2021 6:45,0,,,
10/10/2021 6:30,0,,,
10/10/2021 6:15,0,,,
10/10/2021 6:00,0,,,
10/10/2021 5:45,0,,,
10/10/2021 5:30,0,,,
10/10/2021 5:15,0,,,
10/10/2021 5:00,0,,,
10/10/2021 4:45,0,,,
10/10/2021 4:30,0,,,
10/10/2021 4:15,0,,,
10/10/2021 4:00,0,,,
10/10/2021 3:45,0,,,
10/10/2021 3:30,0,,,
10/10/2021 3:15,0,,,
10/10/2021 3:00,0,,,
10/10/2021 2:45,0,,,
10/10/2021 2:30,0,,,
10/10/2021 2:15,0,,,
10/10/2021 2:00,0,,,
10/10/2021 1:45,0,,,
10/10/2021 1:30,0,,,
10/10/2021 1:15,0,,,
10/10/2021 1:00,0,,,
10/10/2021 0:45,0,,,
10/10/2021 0:30,0,,,
10/10/2021 0:15,0,,,
10/10/2021 0:00,0,,,
10/9/2021 23:45,0,,,
10/9/2021 23:30,0,,,
10/9/2021 23:15,0,,,
10/9/2021 23:00,0,,,
10/9/2021 22:45,0,,,
10/9/2021 22:30,0,,,
10/9/2021 22:15,0,,,
10/9/2021 22:00,0,,,
10/9/2021 21:45,0,,,
10/9/2021 21:30,0,,,
10/9/2021 21:15,0,,,
10/9/2021 21:00,0,,,
10/9/2021 20:45,0,,,
10/9/2021 20:30,0,,,
10/9/2021 20:15,0,,,
10/9/2021 20:00,0,,,
10/9/2021 19:45,0,,,
10/9/2021 19:30,0,,,
10/9/2021 19:15,0,,,
10/9/2021 19:00,0,,,
10/9/2021 18:45,0,,,
10/9/2021 18:30,0,,,
10/9/2021 18:15,0,,,
10/9/2021 18:00,0,,,
10/9/2021 17:45,0,,,
10/9/2021 17:30,0,,,
10/9/2021 17:15,0,,,
10/9/2021 17:00,0,,,
10/9/2021 16:45,0,,,
10/9/2021 16:30,0,,,
10/9/2021 16:15,0,,,
10/9/2021 16:00,0,,,
10/9/2021 15:45,0,,,
10/9/2021 15:30,0,,,
10/9/2021 15:15,0,,,
10/9/2021 15:00,0,,,
10/9/2021 14:45,0,,,
10/9/2021 14:30,0,,,
10/9/2021 14:15,0,,,
10/9/2021 14:00,0,,,
10/9/2021 13:45,0,,,
10/9/2021 13:30,0,,,
10/9/2021 13:15,0,,,
10/9/2021 13:00,0,,,
10/9/2021 12:45,0,,,
10/9/2021 12:30,0,,,
10/9/2021 12:15,0,,,
10/9/2021 12:00,0,,,
10/9/2021 11:45,0,,,
10/9/2021 11:30,0,,,
10/9/2021 11:15,0,,,
10/9/2021 11:00,0,,,
10/9/2021 10:45,0,,,
10/9/2021 10:30,0,,,
10/9/2021 10:15,0,,,
10/9/2021 10:00,0,,,
10/9/2021 9:45,0,,,
10/9/2021 9:30,0,,,
10/9/2021 9:15,0,,,
10/9/2021 9:00,0,,,
10/9/2021 8:45,0,,,
10/9/2021 8:30,0,,,
10/9/2021 8:15,0,,,
10/9/2021 8:00,0,,,
10/9/2021 7:45,0,,,
10/9/2021 7:30,0,,,
10/9/2021 7:15,0,,,
10/9/2021 7:00,0,,,
10/9/2021 6:45,0,,,
10/9/2021 6:30,0,,,
10/9/2021 6:15,0,,,
10/9/2021 6:00,0,,,
10/9/2021 5:45,0,,,
10/9/2021 5:30,0,,,
10/9/2021 5:15,0,,,
10/9/2021 5:00,0,,,
10/9/2021 4:45,0,,,
10/9/2021 4:30,0,,,
10/9/2021 4:15,0,,,
10/9/2021 4:00,0,,,
10/9/2021 3:45,0,,,
10/9/2021 3:30,0,,,
10/9/2021 3:15,0,,,
10/9/2021 3:00,0,,,
10/9/2021 2:45,0,,,
10/9/2021 2:30,0,,,
10/9/2021 2:15,0,,,
10/9/2021 2:00,0,,,
10/9/2021 1:45,0,,,
10/9/2021 1:30,0,,,
10/9/2021 1:15,0,,,
10/9/2021 1:00,0,,,
10/9/2021 0:45,0,,,
10/9/2021 0:30,0,,,
10/9/2021 0:15,0,,,
10/9/2021 0:00,0,,,
10/8/2021 23:45,0,,,
10/8/2021 23:30,0,,,
10/8/2021 23:15,0,,,
10/8/2021 23:00,0,,,
10/8/2021 22:45,0,,,
10/8/2021 22:30,0,,,
10/8/2021 22:15,0,,,
10/8/2021 22:00,0,,,
10/8/2021 21:45,0,,,
10/8/2021 21:30,0,,,
10/8/2021 21:15,0,,,
10/8/2021 21:00,0,,,
10/8/2021 20:45,0,,,
10/8/2021 20:30,0,,,
10/8/2021 20:15,0,,,
10/8/2021 20:00,0,,,
10/8/2021 19:45,0,,,
10/8/2021 19:30,0,,,
10/8/2021 19:15,0,,,
10/8/2021 19:00,0,,,
10/8/2021 18:45,0,,,
10/8/2021 18:30,0,,,
10/8/2021 18:15,0,,,
10/8/2021 18:00,0,,,
10/8/2021 17:45,0,,,
10/8/2021 17:30,0,,,
10/8/2021 17:15,0,,,
10/8/2021 17:00,0,,,
10/8/2021 16:45,0,,,
10/8/2021 16:30,0,,,
10/8/2021 16:15,0,,,
10/8/2021 16:00,0,,,
10/8/2021 15:45,0,,,
10/8/2021 15:30,0,,,
10/8/2021 15:15,0,,,
10/8/2021 15:00,0,,,
10/8/2021 14:45,0,,,
10/8/2021 14:30,0,,,
10/8/2021 14:15,0,,,
10/8/2021 14:00,0,,,
10/8/2021 13:45,0,,,
10/8/2021 13:30,0,,,
10/8/2021 13:15,0,,,
10/8/2021 13:00,0,,,
10/8/2021 12:45,0,,,
10/8/2021 12:30,0,,,
10/8/2021 12:15,0,,,
10/8/2021 12:00,0,,,
10/8/2021 11:45,0,,,
10/8/2021 11:30,0,,,
10/8/2021 11:15,0,,,
10/8/2021 11:00,0,,,
10/8/2021 10:45,0,,,
10/8/2021 10:30,0,,,
10/8/2021 10:15,0,,,
10/8/2021 10:00,1,,,
10/8/2021 9:45,0,,,
10/8/2021 9:30,0,,,
10/8/2021 9:15,0,,,
10/8/2021 9:00,0,,,
10/8/2021 8:45,0,,,
10/8/2021 8:30,0,,,
10/8/2021 8:15,0,,,
10/8/2021 8:00,0,,,
10/8/2021 7:45,0,,,
10/8/2021 7:30,0,,,
10/8/2021 7:15,0,,,
10/8/2021 7:00,0,,,
10/8/2021 6:45,0,,,
10/8/2021 6:30,0,,,
10/8/2021 6:15,0,,,
10/8/2021 6:00,0,,,
10/8/2021 5:45,0,,,
10/8/2021 5:30,0,,,
10/8/2021 5:15,0,,,
10/8/2021 5:00,0,,,
10/8/2021 4:45,0,,,
10/8/2021 4:30,0,,,
10/8/2021 4:15,0,,,
10/8/2021 4:00,0,,,
10/8/2021 3:45,0,,,
10/8/2021 3:30,0,,,
10/8/2021 3:15,0,,,
10/8/2021 3:00,0,,,
10/8/2021 2:45,0,,,
10/8/2021 2:30,0,,,
10/8/2021 2:15,0,,,
10/8/2021 2:00,0,,,
10/8/2021 1:45,0,,,
10/8/2021 1:30,0,,,
10/8/2021 1:15,0,,,
10/8/2021 1:00,0,,,
10/8/2021 0:45,0,,,
10/8/2021 0:30,0,,,
10/8/2021 0:15,0,,,
10/8/2021 0:00,0,,,
10/7/2021 23:45,0,,,
10/7/2021 23:30,0,,,
10/7/2021 23:15,0,,,
10/7/2021 23:00,0,,,
10/7/2021 22:45,0,,,
10/7/2021 22:30,0,,,
10/7/2021 22:15,0,,,
10/7/2021 22:00,0,,,
10/7/2021 21:45,0,,,
10/7/2021 21:30,0,,,
10/7/2021 21:15,0,,,
10/7/2021 21:00,0,,,
10/7/2021 20:45,0,,,
10/7/2021 20:30,0,,,
10/7/2021 20:15,0,,,
10/7/2021 20:00,0,,,
10/7/2021 19:45,0,,,
10/7/2021 19:30,0,,,
10/7/2021 19:15,0,,,
10/7/2021 19:00,0,,,
10/7/2021 18:45,0,,,
10/7/2021 18:30,0,,,
10/7/2021 18:15,0,,,
10/7/2021 18:00,0,,,
10/7/2021 17:45,0,,,
10/7/2021 17:30,0,,,
10/7/2021 17:15,0,,,
10/7/2021 17:00,0,,,
10/7/2021 16:45,0,,,
10/7/2021 16:30,0,,,
10/7/2021 16:15,0,,,
10/7/2021 16:00,0,,,
10/7/2021 15:45,0,,,
10/7/2021 15:30,0,,,
10/7/2021 15:15,0,,,
10/7/2021 15:00,0,,,
10/7/2021 14:45,0,,,
10/7/2021 14:30,0,,,
10/7/2021 14:15,0,,,
10/7/2021 14:00,0,,,
10/7/2021 13:45,0,,,
10/7/2021 13:30,0,,,
10/7/2021 13:15,0,,,
10/7/2021 13:00,0,,,
10/7/2021 12:45,0,,,
10/7/2021 12:30,0,,,
10/7/2021 12:15,0,,,
10/7/2021 12:00,0,,,
10/7/2021 11:45,0,,,
10/7/2021 11:30,0,,,
10/7/2021 11:15,0,,,
10/7/2021 11:00,0,,,
10/7/2021 10:45,0,,,
10/7/2021 10:30,0,,,
10/7/2021 10:15,0,,,
10/7/2021 10:00,0,,,
10/7/2021 9:45,0,,,
10/7/2021 9:30,0,,,
10/7/2021 9:15,0,,,
10/7/2021 9:00,0,,,
10/7/2021 8:45,0,,,
10/7/2021 8:30,0,,,
10/7/2021 8:15,0,,,
10/7/2021 8:00,0,,,
10/7/2021 7:45,0,,,
10/7/2021 7:30,0,,,
10/7/2021 7:15,0,,,
10/7/2021 7:00,0,,,
10/7/2021 6:45,0,,,
10/7/2021 6:30,0,,,
10/7/2021 6:15,0,,,
10/7/2021 6:00,0,,,
10/7/2021 5:45,0,,,
10/7/2021 5:30,0,,,
10/7/2021 5:15,0,,,
10/7/2021 5:00,0,,,
10/7/2021 4:45,0,,,
10/7/2021 4:30,0,,,
10/7/2021 4:15,0,,,
10/7/2021 4:00,0,,,
10/7/2021 3:45,0,,,
10/7/2021 3:30,0,,,
10/7/2021 3:15,0,,,
10/7/2021 3:00,0,,,
10/7/2021 2:45,0,,,
10/7/2021 2:30,0,,,
10/7/2021 2:15,0,,,
10/7/2021 2:00,0,,,
10/7/2021 1:45,0,,,
10/7/2021 1:30,0,,,
10/7/2021 1:15,0,,,
10/7/2021 1:00,0,,,
10/7/2021 0:45,0,,,
10/7/2021 0:30,0,,,
10/7/2021 0:15,0,,,
10/7/2021 0:00,0,,,
10/6/2021 23:45,0,,,
10/6/2021 23:30,0,,,
10/6/2021 23:15,0,,,
10/6/2021 23:00,0,,,
10/6/2021 22:45,0,,,
10/6/2021 22:30,0,,,
10/6/2021 22:15,0,,,
10/6/2021 22:00,0,,,
10/6/2021 21:45,0,,,
10/6/2021 21:30,0,,,
10/6/2021 21:15,0,,,
10/6/2021 21:00,0,,,
10/6/2021 20:45,0,,,
10/6/2021 20:30,0,,,
10/6/2021 20:15,0,,,
10/6/2021 20:00,0,,,
10/6/2021 19:45,0,,,
10/6/2021 19:30,0,,,
10/6/2021 19:15,0,,,
10/6/2021 19:00,0,,,
10/6/2021 18:45,0,,,
10/6/2021 18:30,0,,,
10/6/2021 18:15,0,,,
10/6/2021 18:00,0,,,
10/6/2021 17:45,0,,,
10/6/2021 17:30,0,,,
10/6/2021 17:15,0,,,
10/6/2021 17:00,0,,,
10/6/2021 16:45,0,,,
10/6/2021 16:30,0,,,
10/6/2021 16:15,0,,,
10/6/2021 16:00,0,,,
10/6/2021 15:45,0,,,
10/6/2021 15:30,0,,,
10/6/2021 15:15,0,,,
10/6/2021 15:00,0,,,
10/6/2021 14:45,0,,,
10/6/2021 14:30,0,,,
10/6/2021 14:15,0,,,
10/6/2021 14:00,0,,,
10/6/2021 13:45,0,,,
10/6/2021 13:30,0,,,
10/6/2021 13:15,0,,,
10/6/2021 13:00,0,,,
10/6/2021 12:45,0,,,
10/6/2021 12:30,0,,,
10/6/2021 12:15,0,,,
10/6/2021 12:00,0,,,
10/6/2021 11:45,0,,,
10/6/2021 11:30,0,,,
10/6/2021 11:15,0,,,
10/6/2021 11:00,0,,,
10/6/2021 10:45,0,,,
10/6/2021 10:30,0,,,
10/6/2021 10:15,0,,,
10/6/2021 10:00,0,,,
10/6/2021 9:45,0,,,
10/6/2021 9:30,0,,,
10/6/2021 9:15,0,,,
10/6/2021 9:00,0,,,
10/6/2021 8:45,0,,,
10/6/2021 8:30,0,,,
10/6/2021 8:15,0,,,
10/6/2021 8:00,0,,,
10/6/2021 7:45,0,,,
10/6/2021 7:30,0,,,
10/6/2021 7:15,0,,,
10/6/2021 7:00,0,,,
10/6/2021 6:45,0,,,
10/6/2021 6:30,0,,,
10/6/2021 6:15,0,,,
10/6/2021 6:00,0,,,
10/6/2021 5:45,0,,,
10/6/2021 5:30,0,,,
10/6/2021 5:15,0,,,
10/6/2021 5:00,0,,,
10/6/2021 4:45,0,,,
10/6/2021 4:30,0,,,
10/6/2021 4:15,0,,,
10/6/2021 4:00,0,,,
10/6/2021 3:45,0,,,
10/6/2021 3:30,0,,,
10/6/2021 3:15,0,,,
10/6/2021 3:00,0,,,
10/6/2021 2:45,0,,,
10/6/2021 2:30,0,,,
10/6/2021 2:15,0,,,
10/6/2021 2:00,0,,,
10/6/2021 1:45,0,,,
10/6/2021 1:30,0,,,
10/6/2021 1:15,0,,,
10/6/2021 1:00,0,,,
10/6/2021 0:45,0,,,
10/6/2021 0:30,0,,,
10/6/2021 0:15,0,,,
10/6/2021 0:00,0,,,
10/5/2021 23:45,0,,,
10/5/2021 23:30,0,,,
10/5/2021 23:15,0,,,
10/5/2021 23:00,0,,,
10/5/2021 22:45,0,,,
10/5/2021 22:30,0,,,
10/5/2021 22:15,0,,,
10/5/2021 22:00,0,,,
10/5/2021 21:45,0,,,
10/5/2021 21:30,0,,,
10/5/2021 21:15,0,,,
10/5/2021 21:00,0,,,
10/5/2021 20:45,0,,,
10/5/2021 20:30,0,,,
10/5/2021 20:15,0,,,
10/5/2021 20:00,0,,,
10/5/2021 19:45,0,,,
10/5/2021 19:30,0,,,
10/5/2021 19:15,0,,,
10/5/2021 19:00,0,,,
10/5/2021 18:45,0,,,
10/5/2021 18:30,0,,,
10/5/2021 18:15,0,,,
10/5/2021 18:00,0,,,
10/5/2021 17:45,0,,,
10/5/2021 17:30,0,,,
10/5/2021 17:15,0,,,
10/5/2021 17:00,0,,,
10/5/2021 16:45,0,,,
10/5/2021 16:30,0,,,
10/5/2021 16:15,0,,,
10/5/2021 16:00,0,,,
10/5/2021 15:45,0,,,
10/5/2021 15:30,0,,,
10/5/2021 15:15,0,,,
10/5/2021 15:00,0,,,
10/5/2021 14:45,0,,,
10/5/2021 14:30,0,,,
10/5/2021 14:15,0,,,
10/5/2021 14:00,0,,,
10/5/2021 13:45,0,,,
10/5/2021 13:30,0,,,
10/5/2021 13:15,0,,,
10/5/2021 13:00,0,,,
10/5/2021 12:45,0,,,
10/5/2021 12:30,0,,,
10/5/2021 12:15,0,,,
10/5/2021 12:00,0,,,
10/5/2021 11:45,0,,,
10/5/2021 11:30,0,,,
10/5/2021 11:15,0,,,
10/5/2021 11:00,0,,,
10/5/2021 10:45,0,,,
10/5/2021 10:30,0,,,
10/5/2021 10:15,0,,,
10/5/2021 10:00,0,,,
10/5/2021 9:45,0,,,
10/5/2021 9:30,0,,,
10/5/2021 9:15,0,,,
10/5/2021 9:00,0,,,
10/5/2021 8:45,0,,,
10/5/2021 8:30,0,,,
10/5/2021 8:15,0,,,
10/5/2021 8:00,0,,,
10/5/2021 7:45,0,,,
10/5/2021 7:30,0,,,
10/5/2021 7:15,0,,,
10/5/2021 7:00,0,,,
10/5/2021 6:45,0,,,
10/5/2021 6:30,0,,,
10/5/2021 6:15,0,,,
10/5/2021 6:00,0,,,
10/5/2021 5:45,0,,,
10/5/2021 5:30,0,,,
10/5/2021 5:15,0,,,
10/5/2021 5:00,0,,,
10/5/2021 4:45,0,,,
10/5/2021 4:30,0,,,
10/5/2021 4:15,0,,,
10/5/2021 4:00,0,,,
10/5/2021 3:45,0,,,
10/5/2021 3:30,0,,,
10/5/2021 3:15,0,,,
10/5/2021 3:00,0,,,
10/5/2021 2:45,0,,,
10/5/2021 2:30,0,,,
10/5/2021 2:15,0,,,
10/5/2021 2:00,0,,,
10/5/2021 1:45,0,,,
10/5/2021 1:30,0,,,
10/5/2021 1:15,0,,,
10/5/2021 1:00,0,,,
10/5/2021 0:45,0,,,
10/5/2021 0:30,0,,,
10/5/2021 0:15,0,,,
10/5/2021 0:00,0,,,
10/4/2021 23:45,0,,,
10/4/2021 23:30,0,,,
10/4/2021 23:15,0,,,
10/4/2021 23:00,0,,,
10/4/2021 22:45,0,,,
10/4/2021 22:30,0,,,
10/4/2021 22:15,0,,,
10/4/2021 22:00,0,,,
10/4/2021 21:45,0,,,
10/4/2021 21:30,0,,,
10/4/2021 21:15,0,,,
10/4/2021 21:00,0,,,
10/4/2021 20:45,0,,,
10/4/2021 20:30,0,,,
10/4/2021 20:15,0,,,
10/4/2021 20:00,0,,,
10/4/2021 19:45,0,,,
10/4/2021 19:30,0,,,
10/4/2021 19:15,0,,,
10/4/2021 19:00,0,,,
10/4/2021 18:45,0,,,
10/4/2021 18:30,0,,,
10/4/2021 18:15,0,,,
10/4/2021 18:00,0,,,
10/4/2021 17:45,0,,,
10/4/2021 17:30,0,,,
10/4/2021 17:15,0,,,
10/4/2021 17:00,0,,,
10/4/2021 16:45,0,,,
10/4/2021 16:30,0,,,
10/4/2021 16:15,0,,,
10/4/2021 16:00,0,,,
10/4/2021 15:45,0,,,
10/4/2021 15:30,0,,,
10/4/2021 15:15,0,,,
10/4/2021 15:00,0,,,
10/4/2021 14:45,0,,,
10/4/2021 14:30,0,,,
10/4/2021 14:15,0,,,
10/4/2021 14:00,0,,,
10/4/2021 13:45,0,,,
10/4/2021 13:30,0,,,
10/4/2021 13:15,0,,,
10/4/2021 13:00,0,,,
10/4/2021 12:45,0,,,
10/4/2021 12:30,0,,,
10/4/2021 12:15,0,,,
10/4/2021 12:00,0,,,
10/4/2021 11:45,0,,,
10/4/2021 11:30,0,,,
10/4/2021 11:15,0,,,
10/4/2021 11:00,0,,,
10/4/2021 10:45,0,,,
10/4/2021 10:30,0,,,
10/4/2021 10:15,0,,,
10/4/2021 10:00,0,,,
10/4/2021 9:45,0,,,
10/4/2021 9:30,0,,,
10/4/2021 9:15,0,,,
10/4/2021 9:00,0,,,
10/4/2021 8:45,0,,,
10/4/2021 8:30,0,,,
10/4/2021 8:15,0,,,
10/4/2021 8:00,0,,,
10/4/2021 7:45,0,,,
10/4/2021 7:30,0,,,
10/4/2021 7:15,0,,,
10/4/2021 7:00,0,,,
10/4/2021 6:45,0,,,
10/4/2021 6:30,0,,,
10/4/2021 6:15,0,,,
10/4/2021 6:00,0,,,
10/4/2021 5:45,0,,,
10/4/2021 5:30,0,,,
10/4/2021 5:15,0,,,
10/4/2021 5:00,0,,,
10/4/2021 4:45,0,,,
10/4/2021 4:30,0,,,
10/4/2021 4:15,0,,,
10/4/2021 4:00,0,,,
10/4/2021 3:45,0,,,
10/4/2021 3:30,0,,,
10/4/2021 3:15,0,,,
10/4/2021 3:00,0,,,
10/4/2021 2:45,0,,,
10/4/2021 2:30,0,,,
10/4/2021 2:15,0,,,
10/4/2021 2:00,0,,,
10/4/2021 1:45,0,,,
10/4/2021 1:30,0,,,
10/4/2021 1:15,0,,,
10/4/2021 1:00,0,,,
10/4/2021 0:45,0,,,
10/4/2021 0:30,0,,,
10/4/2021 0:15,0,,,
10/4/2021 0:00,0,,,
10/3/2021 23:45,0,,,
10/3/2021 23:30,0,,,
10/3/2021 23:15,0,,,
10/3/2021 23:00,0,,,
10/3/2021 22:45,0,,,
10/3/2021 22:30,0,,,
10/3/2021 22:15,0,,,
10/3/2021 22:00,0,,,
10/3/2021 21:45,0,,,
10/3/2021 21:30,0,,,
10/3/2021 21:15,0,,,
10/3/2021 21:00,0,,,
10/3/2021 20:45,0,,,
10/3/2021 20:30,0,,,
10/3/2021 20:15,0,,,
10/3/2021 20:00,0,,,
10/3/2021 19:45,0,,,
10/3/2021 19:30,0,,,
10/3/2021 19:15,0,,,
10/3/2021 19:00,0,,,
10/3/2021 18:45,0,,,
10/3/2021 18:30,0,,,
10/3/2021 18:15,0,,,
10/3/2021 18:00,0,,,
10/3/2021 17:45,0,,,
10/3/2021 17:30,0,,,
10/3/2021 17:15,0,,,
10/3/2021 17:00,0,,,
10/3/2021 16:45,0,,,
10/3/2021 16:30,0,,,
10/3/2021 16:15,0,,,
10/3/2021 16:00,0,,,
10/3/2021 15:45,0,,,
10/3/2021 15:30,0,,,
10/3/2021 15:15,0,,,
10/3/2021 15:00,0,,,
10/3/2021 14:45,0,,,
10/3/2021 14:30,0,,,
10/3/2021 14:15,0,,,
10/3/2021 14:00,0,,,
10/3/2021 13:45,0,,,
10/3/2021 13:30,0,,,
10/3/2021 13:15,0,,,
10/3/2021 13:00,0,,,
10/3/2021 12:45,0,,,
10/3/2021 12:30,0,,,
10/3/2021 12:15,0,,,
10/3/2021 12:00,0,,,
10/3/2021 11:45,0,,,
10/3/2021 11:30,0,,,
10/3/2021 11:15,0,,,
10/3/2021 11:00,0,,,
10/3/2021 10:45,0,,,
10/3/2021 10:30,0,,,
10/3/2021 10:15,0,,,
10/3/2021 10:00,0,,,
10/3/2021 9:45,0,,,
10/3/2021 9:30,0,,,
10/3/2021 9:15,0,,,
10/3/2021 9:00,0,,,
10/3/2021 8:45,0,,,
10/3/2021 8:30,0,,,
10/3/2021 8:15,0,,,
10/3/2021 8:00,0,,,
10/3/2021 7:45,0,,,
10/3/2021 7:30,0,,,
10/3/2021 7:15,0,,,
10/3/2021 7:00,0,,,
10/3/2021 6:45,0,,,
10/3/2021 6:30,0,,,
10/3/2021 6:15,0,,,
10/3/2021 6:00,0,,,
10/3/2021 5:45,0,,,
10/3/2021 5:30,0,,,
10/3/2021 5:15,0,,,
10/3/2021 5:00,0,,,
10/3/2021 4:45,0,,,
10/3/2021 4:30,0,,,
10/3/2021 4:15,0,,,
10/3/2021 4:00,0,,,
10/3/2021 3:45,0,,,
10/3/2021 3:30,0,,,
10/3/2021 3:15,0,,,
10/3/2021 3:00,0,,,
10/3/2021 2:45,0,,,
10/3/2021 2:30,0,,,
10/3/2021 2:15,0,,,
10/3/2021 2:00,0,,,
10/3/2021 1:45,0,,,
10/3/2021 1:30,0,,,
10/3/2021 1:15,0,,,
10/3/2021 1:00,0,,,
10/3/2021 0:45,0,,,
10/3/2021 0:30,0,,,
10/3/2021 0:15,0,,,
10/3/2021 0:00,0,,,
10/2/2021 23:45,0,,,
10/2/2021 23:30,0,,,
10/2/2021 23:15,0,,,
10/2/2021 23:00,0,,,
10/2/2021 22:45,0,,,
10/2/2021 22:30,0,,,
10/2/2021 22:15,0,,,
10/2/2021 22:00,0,,,
10/2/2021 21:45,0,,,
10/2/2021 21:30,0,,,
10/2/2021 21:15,0,,,
10/2/2021 21:00,0,,,
10/2/2021 20:45,0,,,
10/2/2021 20:30,0,,,
10/2/2021 20:15,0,,,
10/2/2021 20:00,0,,,
10/2/2021 19:45,0,,,
10/2/2021 19:30,0,,,
10/2/2021 19:15,0,,,
10/2/2021 19:00,0,,,
10/2/2021 18:45,0,,,
10/2/2021 18:30,0,,,
10/2/2021 18:15,0,,,
10/2/2021 18:00,0,,,
10/2/2021 17:45,0,,,
10/2/2021 17:30,0,,,
10/2/2021 17:15,0,,,
10/2/2021 17:00,0,,,
10/2/2021 16:45,0,,,
10/2/2021 16:30,0,,,
10/2/2021 16:15,0,,,
10/2/2021 16:00,0,,,
10/2/2021 15:45,0,,,
10/2/2021 15:30,0,,,
10/2/2021 15:15,0,,,
10/2/2021 15:00,0,,,
10/2/2021 14:45,0,,,
10/2/2021 14:30,0,,,
10/2/2021 14:15,0,,,
10/2/2021 14:00,0,,,
10/2/2021 13:45,0,,,
10/2/2021 13:30,0,,,
10/2/2021 13:15,0,,,
10/2/2021 13:00,0,,,
10/2/2021 12:45,0,,,
10/2/2021 12:30,0,,,
10/2/2021 12:15,0,,,
10/2/2021 12:00,0,,,
10/2/2021 11:45,0,,,
10/2/2021 11:30,0,,,
10/2/2021 11:15,0,,,
10/2/2021 11:00,0,,,
10/2/2021 10:45,0,,,
10/2/2021 10:30,0,,,
10/2/2021 10:15,0,,,
10/2/2021 10:00,0,,,
10/2/2021 9:45,0,,,
10/2/2021 9:30,0,,,
10/2/2021 9:15,0,,,
10/2/2021 9:00,0,,,
10/2/2021 8:45,0,,,
10/2/2021 8:30,0,,,
10/2/2021 8:15,0,,,
10/2/2021 8:00,0,,,
10/2/2021 7:45,0,,,
10/2/2021 7:30,0,,,
10/2/2021 7:15,0,,,
10/2/2021 7:00,0,,,
10/2/2021 6:45,0,,,
10/2/2021 6:30,0,,,
10/2/2021 6:15,0,,,
10/2/2021 6:00,0,,,
10/2/2021 5:45,0,,,
10/2/2021 5:30,0,,,
10/2/2021 5:15,0,,,
10/2/2021 5:00,0,,,
10/2/2021 4:45,0,,,
10/2/2021 4:30,0,,,
10/2/2021 4:15,0,,,
10/2/2021 4:00,0,,,
10/2/2021 3:45,0,,,
10/2/2021 3:30,0,,,
10/2/2021 3:15,0,,,
10/2/2021 3:00,0,,,
10/2/2021 2:45,0,,,
10/2/2021 2:30,0,,,
10/2/2021 2:15,0,,,
10/2/2021 2:00,0,,,
10/2/2021 1:45,0,,,
10/2/2021 1:30,0,,,
10/2/2021 1:15,0,,,
10/2/2021 1:00,0,,,
10/2/2021 0:45,0,,,
10/2/2021 0:30,0,,,
10/2/2021 0:15,0,,,
10/2/2021 0:00,0,,,
10/1/2021 23:45,0,,,
10/1/2021 23:30,0,,,
10/1/2021 23:15,0,,,
10/1/2021 23:00,0,,,
10/1/2021 22:45,0,,,
10/1/2021 22:30,0,,,
10/1/2021 22:15,0,,,
10/1/2021 22:00,0,,,
10/1/2021 21:45,0,,,
10/1/2021 21:30,0,,,
10/1/2021 21:15,0,,,
10/1/2021 21:00,0,,,
10/1/2021 20:45,0,,,
10/1/2021 20:30,0,,,
10/1/2021 20:15,0,,,
10/1/2021 20:00,0,,,
10/1/2021 19:45,0,,,
10/1/2021 19:30,0,,,
10/1/2021 19:15,0,,,
10/1/2021 19:00,0,,,
10/1/2021 18:45,0,,,
10/1/2021 18:30,0,,,
10/1/2021 18:15,0,,,
10/1/2021 18:00,0,,,
10/1/2021 17:45,0,,,
10/1/2021 17:30,0,,,
10/1/2021 17:15,0,,,
10/1/2021 17:00,0,,,
10/1/2021 16:45,0,,,
10/1/2021 16:30,0,,,
10/1/2021 16:15,0,,,
10/1/2021 16:00,0,,,
10/1/2021 15:45,0,,,
10/1/2021 15:30,0,,,
10/1/2021 15:15,0,,,
10/1/2021 15:00,0,,,
10/1/2021 14:45,0,,,
10/1/2021 14:30,0,,,
10/1/2021 14:15,0,,,
10/1/2021 14:00,0,,,
10/1/2021 13:45,0,,,
10/1/2021 13:30,0,,,
10/1/2021 13:15,0,,,
10/1/2021 13:00,0,,,
10/1/2021 12:45,0,,,
10/1/2021 12:30,0,,,
10/1/2021 12:15,0,,,
10/1/2021 12:00,0,,,
10/1/2021 11:45,0,,,
10/1/2021 11:30,0,,,
10/1/2021 11:15,0,,,
10/1/2021 11:00,0,,,
10/1/2021 10:45,0,,,
10/1/2021 10:30,0,,,
10/1/2021 10:15,0,,,
10/1/2021 10:00,0,,,
10/1/2021 9:45,0,,,
10/1/2021 9:30,0,,,
10/1/2021 9:15,0,,,
10/1/2021 9:00,0,,,
10/1/2021 8:45,0,,,
10/1/2021 8:30,0,,,
10/1/2021 8:15,0,,,
10/1/2021 8:00,0,,,
10/1/2021 7:45,0,,,
10/1/2021 7:30,0,,,
10/1/2021 7:15,0,,,
10/1/2021 7:00,0,,,
10/1/2021 6:45,0,,,
10/1/2021 6:30,0,,,
10/1/2021 6:15,0,,,
10/1/2021 6:00,0,,,
10/1/2021 5:45,0,,,
10/1/2021 5:30,0,,,
10/1/2021 5:15,0,,,
10/1/2021 5:00,0,,,
10/1/2021 4:45,0,,,
10/1/2021 4:30,0,,,
10/1/2021 4:15,0,,,
10/1/2021 4:00,0,,,
10/1/2021 3:45,0,,,
10/1/2021 3:30,0,,,
10/1/2021 3:15,0,,,
10/1/2021 3:00,0,,,
10/1/2021 2:45,0,,,
10/1/2021 2:30,0,,,
10/1/2021 2:15,0,,,
10/1/2021 2:00,0,,,
10/1/2021 1:45,0,,,
10/1/2021 1:30,0,,,
10/1/2021 1:15,0,,,
10/1/2021 1:00,0,,,
10/1/2021 0:45,0,,,
10/1/2021 0:30,0,,,
10/1/2021 0:15,0,,,
10/1/2021 0:00,0,,,
9/30/2021 23:45,0,,,
9/30/2021 23:30,0,,,
9/30/2021 23:15,0,,,
9/30/2021 23:00,0,,,
9/30/2021 22:45,0,,,
9/30/2021 22:30,0,,,
9/30/2021 22:15,0,,,
9/30/2021 22:00,0,,,
9/30/2021 21:45,0,,,
9/30/2021 21:30,0,,,
9/30/2021 21:15,0,,,
9/30/2021 21:00,0,,,
9/30/2021 20:45,0,,,
9/30/2021 20:30,0,,,
9/30/2021 20:15,0,,,
9/30/2021 20:00,0,,,
9/30/2021 19:45,0,,,
9/30/2021 19:30,0,,,
9/30/2021 19:15,0,,,
9/30/2021 19:00,0,,,
9/30/2021 18:45,0,,,
9/30/2021 18:30,0,,,
9/30/2021 18:15,0,,,
9/30/2021 18:00,0,,,
9/30/2021 17:45,0,,,
9/30/2021 17:30,0,,,
9/30/2021 17:15,0,,,
9/30/2021 17:00,0,,,
9/30/2021 16:45,0,,,
9/30/2021 16:30,0,,,
9/30/2021 16:15,0,,,
9/30/2021 16:00,0,,,
9/30/2021 15:45,0,,,
9/30/2021 15:30,0,,,
9/30/2021 15:15,0,,,
9/30/2021 15:00,0,,,
9/30/2021 14:45,0,,,
9/30/2021 14:30,0,,,
9/30/2021 14:15,0,,,
9/30/2021 14:00,0,,,
9/30/2021 13:45,0,,,
9/30/2021 13:30,0,,,
9/30/2021 13:15,0,,,
9/30/2021 13:00,0,,,
9/30/2021 12:45,0,,,
9/30/2021 12:30,0,,,
9/30/2021 12:15,0,,,
9/30/2021 12:00,0,,,
9/30/2021 11:45,0,,,
9/30/2021 11:30,0,,,
9/30/2021 11:15,0,,,
9/30/2021 11:00,0,,,
9/30/2021 10:45,0,,,
9/30/2021 10:30,0,,,
9/30/2021 10:15,0,,,
9/30/2021 10:00,0,,,
9/30/2021 9:45,0,,,
9/30/2021 9:30,0,,,
9/30/2021 9:15,0,,,
9/30/2021 9:00,0,,,
9/30/2021 8:45,0,,,
9/30/2021 8:30,0,,,
9/30/2021 8:15,0,,,
9/30/2021 8:00,0,,,
9/30/2021 7:45,0,,,
9/30/2021 7:30,0,,,
9/30/2021 7:15,0,,,
9/30/2021 7:00,0,,,
9/30/2021 6:45,0,,,
9/30/2021 6:30,0,,,
9/30/2021 6:15,0,,,
9/30/2021 6:00,0,,,
9/30/2021 5:45,0,,,
9/30/2021 5:30,0,,,
9/30/2021 5:15,0,,,
9/30/2021 5:00,0,,,
9/30/2021 4:45,0,,,
9/30/2021 4:30,0,,,
9/30/2021 4:15,0,,,
9/30/2021 4:00,0,,,
9/30/2021 3:45,0,,,
9/30/2021 3:30,0,,,
9/30/2021 3:15,0,,,
9/30/2021 3:00,0,,,
9/30/2021 2:45,0,,,
9/30/2021 2:30,0,,,
9/30/2021 2:15,0,,,
9/30/2021 2:00,0,,,
9/30/2021 1:45,0,,,
9/30/2021 1:30,0,,,
9/30/2021 1:15,0,,,
9/30/2021 1:00,0,,,
9/30/2021 0:45,0,,,
9/30/2021 0:30,0,,,
9/30/2021 0:15,0,,,
9/30/2021 0:00,0,,,
9/29/2021 23:45,0,,,
9/29/2021 23:30,0,,,
9/29/2021 23:15,0,,,
9/29/2021 23:00,0,,,
9/29/2021 22:45,0,,,
9/29/2021 22:30,0,,,
9/29/2021 22:15,0,,,
9/29/2021 22:00,0,,,
9/29/2021 21:45,0,,,
9/29/2021 21:30,0,,,
9/29/2021 21:15,0,,,
9/29/2021 21:00,0,,,
9/29/2021 20:45,0,,,
9/29/2021 20:30,0,,,
9/29/2021 20:15,0,,,
9/29/2021 20:00,0,,,
9/29/2021 19:45,0,,,
9/29/2021 19:30,0,,,
9/29/2021 19:15,0,,,
9/29/2021 19:00,0,,,
9/29/2021 18:45,0,,,
9/29/2021 18:30,0,,,
9/29/2021 18:15,0,,,
9/29/2021 18:00,0,,,
9/29/2021 17:45,0,,,
9/29/2021 17:30,0,,,
9/29/2021 17:15,0,,,
9/29/2021 17:00,0,,,
9/29/2021 16:45,0,,,
9/29/2021 16:30,0,,,
9/29/2021 16:15,0,,,
9/29/2021 16:00,0,,,
9/29/2021 15:45,0,,,
9/29/2021 15:30,0,,,
9/29/2021 15:15,0,,,
9/29/2021 15:00,0,,,
9/29/2021 14:45,0,,,
9/29/2021 14:30,0,,,
9/29/2021 14:15,0,,,
9/29/2021 14:00,0,,,
9/29/2021 13:45,0,,,
9/29/2021 13:30,0,,,
9/29/2021 13:15,0,,,
9/29/2021 13:00,0,,,
9/29/2021 12:45,0,,,
9/29/2021 12:30,0,,,
9/29/2021 12:15,0,,,
9/29/2021 12:00,0,,,
9/29/2021 11:45,0,,,
9/29/2021 11:30,0,,,
9/29/2021 11:15,0,,,
9/29/2021 11:00,0,,,
9/29/2021 10:45,0,,,
9/29/2021 10:30,0,,,
9/29/2021 10:15,0,,,
9/29/2021 10:00,0,,,
9/29/2021 9:45,0,,,
9/29/2021 9:30,0,,,
9/29/2021 9:15,0,,,
9/29/2021 9:00,0,,,
9/29/2021 8:45,0,,,
9/29/2021 8:30,0,,,
9/29/2021 8:15,0,,,
9/29/2021 8:00,0,,,
9/29/2021 7:45,0,,,
9/29/2021 7:30,0,,,
9/29/2021 7:15,0,,,
9/29/2021 7:00,0,,,
9/29/2021 6:45,0,,,
9/29/2021 6:30,0,,,
9/29/2021 6:15,0,,,
9/29/2021 6:00,0,,,
9/29/2021 5:45,0,,,
9/29/2021 5:30,0,,,
9/29/2021 5:15,0,,,
9/29/2021 5:00,0,,,
9/29/2021 4:45,0,,,
9/29/2021 4:30,0,,,
9/29/2021 4:15,0,,,
9/29/2021 4:00,0,,,
9/29/2021 3:45,0,,,
9/29/2021 3:30,0,,,
9/29/2021 3:15,0,,,
9/29/2021 3:00,0,,,
9/29/2021 2:45,0,,,
9/29/2021 2:30,0,,,
9/29/2021 2:15,0,,,
9/29/2021 2:00,0,,,
9/29/2021 1:45,0,,,
9/29/2021 1:30,0,,,
9/29/2021 1:15,0,,,
9/29/2021 1:00,0,,,
9/29/2021 0:45,0,,,
9/29/2021 0:30,0,,,
9/29/2021 0:15,0,,,
9/29/2021 0:00,0,,,
9/28/2021 23:45,0,,,
9/28/2021 23:30,0,,,
9/28/2021 23:15,0,,,
9/28/2021 23:00,0,,,
9/28/2021 22:45,0,,,
9/28/2021 22:30,0,,,
9/28/2021 22:15,0,,,
9/28/2021 22:00,0,,,
9/28/2021 21:45,0,,,
9/28/2021 21:30,0,,,
9/28/2021 21:15,0,,,
9/28/2021 21:00,0,,,
9/28/2021 20:45,0,,,
9/28/2021 20:30,0,,,
9/28/2021 20:15,0,,,
9/28/2021 20:00,0,,,
9/28/2021 19:45,0,,,
9/28/2021 19:30,0,,,
9/28/2021 19:15,0,,,
9/28/2021 19:00,0,,,
9/28/2021 18:45,0,,,
9/28/2021 18:30,0,,,
9/28/2021 18:15,0,,,
9/28/2021 18:00,0,,,
9/28/2021 17:45,0,,,
9/28/2021 17:30,0,,,
9/28/2021 17:15,0,,,
9/28/2021 17:00,0,,,
9/28/2021 16:45,0,,,
9/28/2021 16:30,0,,,
9/28/2021 16:15,0,,,
9/28/2021 16:00,0,,,
9/28/2021 15:45,0,,,
9/28/2021 15:30,0,,,
9/28/2021 15:15,0,,,
9/28/2021 15:00,0,,,
9/28/2021 14:45,0,,,
9/28/2021 14:30,0,,,
9/28/2021 14:15,0,,,
9/28/2021 14:00,0,,,
9/28/2021 13:45,0,,,
9/28/2021 13:30,0,,,
9/28/2021 13:15,0,,,
9/28/2021 13:00,0,,,
9/28/2021 12:45,0,,,
9/28/2021 12:30,0,,,
9/28/2021 12:15,0,,,
9/28/2021 12:00,0,,,
9/28/2021 11:45,0,,,
9/28/2021 11:30,0,,,
9/28/2021 11:15,0,,,
9/28/2021 11:00,0,,,
9/28/2021 10:45,0,,,
9/28/2021 10:30,0,,,
9/28/2021 10:15,0,,,
9/28/2021 10:00,0,,,
9/28/2021 9:45,0,,,
9/28/2021 9:30,0,,,
9/28/2021 9:15,0,,,
9/28/2021 9:00,0,,,
9/28/2021 8:45,1,,,
9/28/2021 8:30,0,,,
9/28/2021 8:15,0,,,
9/28/2021 8:00,0,,,
9/28/2021 7:45,0,,,
9/28/2021 7:30,0,,,
9/28/2021 7:15,0,,,
9/28/2021 7:00,0,,,
9/28/2021 6:45,0,,,
9/28/2021 6:30,0,,,
9/28/2021 6:15,0,,,
9/28/2021 6:00,0,,,
9/28/2021 5:45,0,,,
9/28/2021 5:30,0,,,
9/28/2021 5:15,0,,,
9/28/2021 5:00,0,,,
9/28/2021 4:45,0,,,
9/28/2021 4:30,0,,,
9/28/2021 4:15,0,,,
9/28/2021 4:00,0,,,
9/28/2021 3:45,0,,,
9/28/2021 3:30,0,,,
9/28/2021 3:15,0,,,
9/28/2021 3:00,0,,,
9/28/2021 2:45,0,,,
9/28/2021 2:30,0,,,
9/28/2021 2:15,0,,,
9/28/2021 2:00,0,,,
9/28/2021 1:45,0,,,
9/28/2021 1:30,0,,,
9/28/2021 1:15,0,,,
9/28/2021 1:00,0,,,
9/28/2021 0:45,0,,,
9/28/2021 0:30,0,,,
9/28/2021 0:15,0,,,
9/28/2021 0:00,0,,,
9/27/2021 23:45,0,,,
9/27/2021 23:30,0,,,
9/27/2021 23:15,0,,,
9/27/2021 23:00,0,,,
9/27/2021 22:45,0,,,
9/27/2021 22:30,0,,,
9/27/2021 22:15,0,,,
9/27/2021 22:00,0,,,
9/27/2021 21:45,0,,,
9/27/2021 21:30,0,,,
9/27/2021 21:15,0,,,
9/27/2021 21:00,0,,,
9/27/2021 20:45,0,,,
9/27/2021 20:30,0,,,
9/27/2021 20:15,0,,,
9/27/2021 20:00,0,,,
9/27/2021 19:45,0,,,
9/27/2021 19:30,0,,,
9/27/2021 19:15,0,,,
9/27/2021 19:00,0,,,
9/27/2021 18:45,0,,,
9/27/2021 18:30,0,,,
9/27/2021 18:15,0,,,
9/27/2021 18:00,0,,,
9/27/2021 17:45,0,,,
9/27/2021 17:30,0,,,
9/27/2021 17:15,0,,,
9/27/2021 17:00,0,,,
9/27/2021 16:45,0,,,
9/27/2021 16:30,0,,,
9/27/2021 16:15,0,,,
9/27/2021 16:00,0,,,
9/27/2021 15:45,0,,,
9/27/2021 15:30,0,,,
9/27/2021 15:15,0,,,
9/27/2021 15:00,0,,,
9/27/2021 14:45,0,,,
9/27/2021 14:30,0,,,
9/27/2021 14:15,0,,,
9/27/2021 14:00,0,,,
9/27/2021 13:45,0,,,
9/27/2021 13:30,0,,,
9/27/2021 13:15,0,,,
9/27/2021 13:00,0,,,
9/27/2021 12:45,0,,,
9/27/2021 12:30,0,,,
9/27/2021 12:15,0,,,
9/27/2021 12:00,0,,,
9/27/2021 11:45,0,,,
9/27/2021 11:30,0,,,
9/27/2021 11:15,0,,,
9/27/2021 11:00,0,,,
9/27/2021 10:45,0,,,
9/27/2021 10:30,0,,,
9/27/2021 10:15,0,,,
9/27/2021 10:00,0,,,
9/27/2021 9:45,0,,,
9/27/2021 9:30,0,,,
9/27/2021 9:15,0,,,
9/27/2021 9:00,0,,,
9/27/2021 8:45,0,,,
9/27/2021 8:30,0,,,
9/27/2021 8:15,0,,,
9/27/2021 8:00,0,,,
9/27/2021 7:45,0,,,
9/27/2021 7:30,0,,,
9/27/2021 7:15,0,,,
9/27/2021 7:00,0,,,
9/27/2021 6:45,0,,,
9/27/2021 6:30,0,,,
9/27/2021 6:15,0,,,
9/27/2021 6:00,0,,,
9/27/2021 5:45,0,,,
9/27/2021 5:30,0,,,
9/27/2021 5:15,0,,,
9/27/2021 5:00,0,,,
9/27/2021 4:45,0,,,
9/27/2021 4:30,0,,,
9/27/2021 4:15,0,,,
9/27/2021 4:00,0,,,
9/27/2021 3:45,0,,,
9/27/2021 3:30,0,,,
9/27/2021 3:15,0,,,
9/27/2021 3:00,0,,,
9/27/2021 2:45,0,,,
9/27/2021 2:30,0,,,
9/27/2021 2:15,0,,,
9/27/2021 2:00,0,,,
9/27/2021 1:45,0,,,
9/27/2021 1:30,0,,,
9/27/2021 1:15,0,,,
9/27/2021 1:00,0,,,
9/27/2021 0:45,0,,,
9/27/2021 0:30,0,,,
9/27/2021 0:15,0,,,
9/27/2021 0:00,0,,,
9/26/2021 23:45,0,,,
9/26/2021 23:30,0,,,
9/26/2021 23:15,0,,,
9/26/2021 23:00,0,,,
9/26/2021 22:45,0,,,
9/26/2021 22:30,0,,,
9/26/2021 22:15,0,,,
9/26/2021 22:00,0,,,
9/26/2021 21:45,0,,,
9/26/2021 21:30,0,,,
9/26/2021 21:15,0,,,
9/26/2021 21:00,0,,,
9/26/2021 20:45,0,,,
9/26/2021 20:30,0,,,
9/26/2021 20:15,0,,,
9/26/2021 20:00,0,,,
9/26/2021 19:45,0,,,
9/26/2021 19:30,0,,,
9/26/2021 19:15,0,,,
9/26/2021 19:00,0,,,
9/26/2021 18:45,0,,,
9/26/2021 18:30,0,,,
9/26/2021 18:15,0,,,
9/26/2021 18:00,0,,,
9/26/2021 17:45,0,,,
9/26/2021 17:30,0,,,
9/26/2021 17:15,0,,,
9/26/2021 17:00,0,,,
9/26/2021 16:45,0,,,
9/26/2021 16:30,0,,,
9/26/2021 16:15,0,,,
9/26/2021 16:00,0,,,
9/26/2021 15:45,0,,,
9/26/2021 15:30,0,,,
9/26/2021 15:15,0,,,
9/26/2021 15:00,0,,,
9/26/2021 14:45,0,,,
9/26/2021 14:30,0,,,
9/26/2021 14:15,0,,,
9/26/2021 14:00,0,,,
9/26/2021 13:45,0,,,
9/26/2021 13:30,0,,,
9/26/2021 13:15,0,,,
9/26/2021 13:00,0,,,
9/26/2021 12:45,0,,,
9/26/2021 12:30,0,,,
9/26/2021 12:15,0,,,
9/26/2021 12:00,0,,,
9/26/2021 11:45,0,,,
9/26/2021 11:30,0,,,
9/26/2021 11:15,0,,,
9/26/2021 11:00,0,,,
9/26/2021 10:45,0,,,
9/26/2021 10:30,0,,,
9/26/2021 10:15,0,,,
9/26/2021 10:00,0,,,
9/26/2021 9:45,0,,,
9/26/2021 9:30,0,,,
9/26/2021 9:15,0,,,
9/26/2021 9:00,0,,,
9/26/2021 8:45,0,,,
9/26/2021 8:30,0,,,
9/26/2021 8:15,0,,,
9/26/2021 8:00,0,,,
9/26/2021 7:45,0,,,
9/26/2021 7:30,0,,,
9/26/2021 7:15,0,,,
9/26/2021 7:00,0,,,
9/26/2021 6:45,0,,,
9/26/2021 6:30,0,,,
9/26/2021 6:15,0,,,
9/26/2021 6:00,0,,,
9/26/2021 5:45,0,,,
9/26/2021 5:30,0,,,
9/26/2021 5:15,0,,,
9/26/2021 5:00,0,,,
9/26/2021 4:45,0,,,
9/26/2021 4:30,0,,,
9/26/2021 4:15,0,,,
9/26/2021 4:00,0,,,
9/26/2021 3:45,0,,,
9/26/2021 3:30,0,,,
9/26/2021 3:15,0,,,
9/26/2021 3:00,0,,,
9/26/2021 2:45,0,,,
9/26/2021 2:30,0,,,
9/26/2021 2:15,0,,,
9/26/2021 2:00,0,,,
9/26/2021 1:45,0,,,
9/26/2021 1:30,0,,,
9/26/2021 1:15,0,,,
9/26/2021 1:00,0,,,
9/26/2021 0:45,0,,,
9/26/2021 0:30,0,,,
9/26/2021 0:15,0,,,
9/26/2021 0:00,0,,,
9/25/2021 23:45,0,,,
9/25/2021 23:30,0,,,
9/25/2021 23:15,0,,,
9/25/2021 23:00,0,,,
9/25/2021 22:45,0,,,
9/25/2021 22:30,0,,,
9/25/2021 22:15,0,,,
9/25/2021 22:00,0,,,
9/25/2021 21:45,0,,,
9/25/2021 21:30,0,,,
9/25/2021 21:15,0,,,
9/25/2021 21:00,0,,,
9/25/2021 20:45,0,,,
9/25/2021 20:30,0,,,
9/25/2021 20:15,0,,,
9/25/2021 20:00,0,,,
9/25/2021 19:45,0,,,
9/25/2021 19:30,0,,,
9/25/2021 19:15,0,,,
9/25/2021 19:00,0,,,
9/25/2021 18:45,0,,,
9/25/2021 18:30,0,,,
9/25/2021 18:15,0,,,
9/25/2021 18:00,0,,,
9/25/2021 17:45,0,,,
9/25/2021 17:30,0,,,
9/25/2021 17:15,0,,,
9/25/2021 17:00,0,,,
9/25/2021 16:45,0,,,
9/25/2021 16:30,0,,,
9/25/2021 16:15,0,,,
9/25/2021 16:00,0,,,
9/25/2021 15:45,0,,,
9/25/2021 15:30,0,,,
9/25/2021 15:15,0,,,
9/25/2021 15:00,0,,,
9/25/2021 14:45,0,,,
9/25/2021 14:30,0,,,
9/25/2021 14:15,0,,,
9/25/2021 14:00,0,,,
9/25/2021 13:45,0,,,
9/25/2021 13:30,0,,,
9/25/2021 13:15,0,,,
9/25/2021 13:00,0,,,
9/25/2021 12:45,0,,,
9/25/2021 12:30,0,,,
9/25/2021 12:15,0,,,
9/25/2021 12:00,0,,,
9/25/2021 11:45,0,,,
9/25/2021 11:30,0,,,
9/25/2021 11:15,0,,,
9/25/2021 11:00,0,,,
9/25/2021 10:45,0,,,
9/25/2021 10:30,0,,,
9/25/2021 10:15,0,,,
9/25/2021 10:00,0,,,
9/25/2021 9:45,0,,,
9/25/2021 9:30,0,,,
9/25/2021 9:15,0,,,
9/25/2021 9:00,0,,,
9/25/2021 8:45,0,,,
9/25/2021 8:30,0,,,
9/25/2021 8:15,0,,,
9/25/2021 8:00,0,,,
9/25/2021 7:45,0,,,
9/25/2021 7:30,0,,,
9/25/2021 7:15,0,,,
9/25/2021 7:00,0,,,
9/25/2021 6:45,0,,,
9/25/2021 6:30,0,,,
9/25/2021 6:15,0,,,
9/25/2021 6:00,0,,,
9/25/2021 5:45,0,,,
9/25/2021 5:30,0,,,
9/25/2021 5:15,0,,,
9/25/2021 5:00,0,,,
9/25/2021 4:45,0,,,
9/25/2021 4:30,0,,,
9/25/2021 4:15,0,,,
9/25/2021 4:00,0,,,
9/25/2021 3:45,0,,,
9/25/2021 3:30,0,,,
9/25/2021 3:15,0,,,
9/25/2021 3:00,0,,,
9/25/2021 2:45,0,,,
9/25/2021 2:30,0,,,
9/25/2021 2:15,0,,,
9/25/2021 2:00,0,,,
9/25/2021 1:45,0,,,
9/25/2021 1:30,0,,,
9/25/2021 1:15,0,,,
9/25/2021 1:00,0,,,
9/25/2021 0:45,0,,,
9/25/2021 0:30,0,,,
9/25/2021 0:15,0,,,
9/25/2021 0:00,0,,,
9/24/2021 23:45,0,,,
9/24/2021 23:30,0,,,
9/24/2021 23:15,0,,,
9/24/2021 23:00,0,,,
9/24/2021 22:45,0,,,
9/24/2021 22:30,0,,,
9/24/2021 22:15,0,,,
9/24/2021 22:00,0,,,
9/24/2021 21:45,0,,,
9/24/2021 21:30,0,,,
9/24/2021 21:15,0,,,
9/24/2021 21:00,0,,,
9/24/2021 20:45,0,,,
9/24/2021 20:30,0,,,
9/24/2021 20:15,0,,,
9/24/2021 20:00,0,,,
9/24/2021 19:45,0,,,
9/24/2021 19:30,0,,,
9/24/2021 19:15,0,,,
9/24/2021 19:00,0,,,
9/24/2021 18:45,0,,,
9/24/2021 18:30,0,,,
9/24/2021 18:15,0,,,
9/24/2021 18:00,0,,,
9/24/2021 17:45,0,,,
9/24/2021 17:30,0,,,
9/24/2021 17:15,0,,,
9/24/2021 17:00,0,,,
9/24/2021 16:45,0,,,
9/24/2021 16:30,0,,,
9/24/2021 16:15,0,,,
9/24/2021 16:00,0,,,
9/24/2021 15:45,0,,,
9/24/2021 15:30,0,,,
9/24/2021 15:15,0,,,
9/24/2021 15:00,0,,,
9/24/2021 14:45,0,,,
9/24/2021 14:30,0,,,
9/24/2021 14:15,0,,,
9/24/2021 14:00,0,,,
9/24/2021 13:45,0,,,
9/24/2021 13:30,0,,,
9/24/2021 13:15,0,,,
9/24/2021 13:00,0,,,
9/24/2021 12:45,0,,,
9/24/2021 12:30,0,,,
9/24/2021 12:15,0,,,
9/24/2021 12:00,0,,,
9/24/2021 11:45,0,,,
9/24/2021 11:30,0,,,
9/24/2021 11:15,0,,,
9/24/2021 11:00,0,,,
9/24/2021 10:45,0,,,
9/24/2021 10:30,0,,,
9/24/2021 10:15,0,,,
9/24/2021 10:00,0,,,
9/24/2021 9:45,0,,,
9/24/2021 9:30,0,,,
9/24/2021 9:15,0,,,
9/24/2021 9:00,0,,,
9/24/2021 8:45,0,,,
9/24/2021 8:30,0,,,
9/24/2021 8:15,0,,,
9/24/2021 8:00,0,,,
9/24/2021 7:45,0,,,
9/24/2021 7:30,0,,,
9/24/2021 7:15,0,,,
9/24/2021 7:00,0,,,
9/24/2021 6:45,0,,,
9/24/2021 6:30,0,,,
9/24/2021 6:15,0,,,
9/24/2021 6:00,0,,,
9/24/2021 5:45,0,,,
9/24/2021 5:30,0,,,
9/24/2021 5:15,0,,,
9/24/2021 5:00,0,,,
9/24/2021 4:45,0,,,
9/24/2021 4:30,0,,,
9/24/2021 4:15,0,,,
9/24/2021 4:00,0,,,
9/24/2021 3:45,0,,,
9/24/2021 3:30,0,,,
9/24/2021 3:15,0,,,
9/24/2021 3:00,0,,,
9/24/2021 2:45,0,,,
9/24/2021 2:30,0,,,
9/24/2021 2:15,0,,,
9/24/2021 2:00,0,,,
9/24/2021 1:45,0,,,
9/24/2021 1:30,0,,,
9/24/2021 1:15,0,,,
9/24/2021 1:00,0,,,
9/24/2021 0:45,0,,,
9/24/2021 0:30,0,,,
9/24/2021 0:15,0,,,
9/24/2021 0:00,0,,,
9/23/2021 23:45,0,,,
9/23/2021 23:30,0,,,
9/23/2021 23:15,0,,,
9/23/2021 23:00,0,,,
9/23/2021 22:45,0,,,
9/23/2021 22:30,0,,,
9/23/2021 22:15,0,,,
9/23/2021 22:00,0,,,
9/23/2021 21:45,0,,,
9/23/2021 21:30,0,,,
9/23/2021 21:15,0,,,
9/23/2021 21:00,0,,,
9/23/2021 20:45,0,,,
9/23/2021 20:30,0,,,
9/23/2021 20:15,0,,,
9/23/2021 20:00,0,,,
9/23/2021 19:45,0,,,
9/23/2021 19:30,0,,,
9/23/2021 19:15,0,,,
9/23/2021 19:00,0,,,
9/23/2021 18:45,0,,,
9/23/2021 18:30,0,,,
9/23/2021 18:15,0,,,
9/23/2021 18:00,0,,,
9/23/2021 17:45,0,,,
9/23/2021 17:30,0,,,
9/23/2021 17:15,0,,,
9/23/2021 17:00,0,,,
9/23/2021 16:45,0,,,
9/23/2021 16:30,0,,,
9/23/2021 16:15,0,,,
9/23/2021 16:00,0,,,
9/23/2021 15:45,0,,,
9/23/2021 15:30,0,,,
9/23/2021 15:15,0,,,
9/23/2021 15:00,0,,,
9/23/2021 14:45,0,,,
9/23/2021 14:30,0,,,
9/23/2021 14:15,0,,,
9/23/2021 14:00,0,,,
9/23/2021 13:45,0,,,
9/23/2021 13:30,0,,,
9/23/2021 13:15,0,,,
9/23/2021 13:00,0,,,
9/23/2021 12:45,0,,,
9/23/2021 12:30,0,,,
9/23/2021 12:15,0,,,
9/23/2021 12:00,0,,,
9/23/2021 11:45,0,,,
9/23/2021 11:30,0,,,
9/23/2021 11:15,0,,,
9/23/2021 11:00,0,,,
9/23/2021 10:45,0,,,
9/23/2021 10:30,0,,,
9/23/2021 10:15,0,,,
9/23/2021 10:00,0,,,
9/23/2021 9:45,0,,,
9/23/2021 9:30,0,,,
9/23/2021 9:15,0,,,
9/23/2021 9:00,0,,,
9/23/2021 8:45,0,,,
9/23/2021 8:30,0,,,
9/23/2021 8:15,0,,,
9/23/2021 8:00,0,,,
9/23/2021 7:45,0,,,
9/23/2021 7:30,0,,,
9/23/2021 7:15,0,,,
9/23/2021 7:00,0,,,
9/23/2021 6:45,0,,,
9/23/2021 6:30,0,,,
9/23/2021 6:15,0,,,
9/23/2021 6:00,0,,,
9/23/2021 5:45,0,,,
9/23/2021 5:30,0,,,
9/23/2021 5:15,0,,,
9/23/2021 5:00,0,,,
9/23/2021 4:45,0,,,
9/23/2021 4:30,0,,,
9/23/2021 4:15,0,,,
9/23/2021 4:00,0,,,
9/23/2021 3:45,0,,,
9/23/2021 3:30,0,,,
9/23/2021 3:15,0,,,
9/23/2021 3:00,0,,,
9/23/2021 2:45,0,,,
9/23/2021 2:30,0,,,
9/23/2021 2:15,0,,,
9/23/2021 2:00,0,,,
9/23/2021 1:45,0,,,
9/23/2021 1:30,0,,,
9/23/2021 1:15,0,,,
9/23/2021 1:00,0,,,
9/23/2021 0:45,0,,,
9/23/2021 0:30,0,,,
9/23/2021 0:15,0,,,
9/23/2021 0:00,0,,,
9/22/2021 23:45,0,,,
9/22/2021 23:30,0,,,
9/22/2021 23:15,0,,,
9/22/2021 23:00,0,,,
9/22/2021 22:45,0,,,
9/22/2021 22:30,0,,,
9/22/2021 22:15,0,,,
9/22/2021 22:00,0,,,
9/22/2021 21:45,0,,,
9/22/2021 21:30,0,,,
9/22/2021 21:15,0,,,
9/22/2021 21:00,0,,,
9/22/2021 20:45,0,,,
9/22/2021 20:30,0,,,
9/22/2021 20:15,0,,,
9/22/2021 20:00,0,,,
9/22/2021 19:45,0,,,
9/22/2021 19:30,0,,,
9/22/2021 19:15,0,,,
9/22/2021 19:00,0,,,
9/22/2021 18:45,0,,,
9/22/2021 18:30,0,,,
9/22/2021 18:15,0,,,
9/22/2021 18:00,0,,,
9/22/2021 17:45,0,,,
9/22/2021 17:30,0,,,
9/22/2021 17:15,0,,,
9/22/2021 17:00,0,,,
9/22/2021 16:45,0,,,
9/22/2021 16:30,0,,,
9/22/2021 16:15,0,,,
9/22/2021 16:00,0,,,
9/22/2021 15:45,0,,,
9/22/2021 15:30,0,,,
9/22/2021 15:15,0,,,
9/22/2021 15:00,0,,,
9/22/2021 14:45,0,,,
9/22/2021 14:30,0,,,
9/22/2021 14:15,0,,,
9/22/2021 14:00,0,,,
9/22/2021 13:45,0,,,
9/22/2021 13:30,0,,,
9/22/2021 13:15,0,,,
9/22/2021 13:00,0,,,
9/22/2021 12:45,0,,,
9/22/2021 12:30,0,,,
9/22/2021 12:15,0,,,
9/22/2021 12:00,0,,,
9/22/2021 11:45,0,,,
9/22/2021 11:30,0,,,
9/22/2021 11:15,0,,,
9/22/2021 11:00,0,,,
9/22/2021 10:45,0,,,
9/22/2021 10:30,0,,,
9/22/2021 10:15,0,,,
9/22/2021 10:00,0,,,
9/22/2021 9:45,0,,,
9/22/2021 9:30,0,,,
9/22/2021 9:15,0,,,
9/22/2021 9:00,0,,,
9/22/2021 8:45,0,,,
9/22/2021 8:30,0,,,
9/22/2021 8:15,0,,,
9/22/2021 8:00,0,,,
9/22/2021 7:45,0,,,
9/22/2021 7:30,0,,,
9/22/2021 7:15,0,,,
9/22/2021 7:00,0,,,
9/22/2021 6:45,0,,,
9/22/2021 6:30,0,,,
9/22/2021 6:15,0,,,
9/22/2021 6:00,0,,,
9/22/2021 5:45,0,,,
9/22/2021 5:30,0,,,
9/22/2021 5:15,0,,,
9/22/2021 5:00,0,,,
9/22/2021 4:45,0,,,
9/22/2021 4:30,0,,,
9/22/2021 4:15,0,,,
9/22/2021 4:00,0,,,
9/22/2021 3:45,0,,,
9/22/2021 3:30,0,,,
9/22/2021 3:15,0,,,
9/22/2021 3:00,0,,,
9/22/2021 2:45,0,,,
9/22/2021 2:30,0,,,
9/22/2021 2:15,0,,,
9/22/2021 2:00,0,,,
9/22/2021 1:45,0,,,
9/22/2021 1:30,0,,,
9/22/2021 1:15,0,,,
9/22/2021 1:00,0,,,
9/22/2021 0:45,0,,,
9/22/2021 0:30,0,,,
9/22/2021 0:15,0,,,
9/22/2021 0:00,0,,,
9/21/2021 23:45,0,,,
9/21/2021 23:30,0,,,
9/21/2021 23:15,0,,,
9/21/2021 23:00,0,,,
9/21/2021 22:45,0,,,
9/21/2021 22:30,0,,,
9/21/2021 22:15,0,,,
9/21/2021 22:00,0,,,
9/21/2021 21:45,0,,,
9/21/2021 21:30,0,,,
9/21/2021 21:15,0,,,
9/21/2021 21:00,0,,,
9/21/2021 20:45,0,,,
9/21/2021 20:30,0,,,
9/21/2021 20:15,0,,,
9/21/2021 20:00,0,,,
9/21/2021 19:45,0,,,
9/21/2021 19:30,0,,,
9/21/2021 19:15,0,,,
9/21/2021 19:00,0,,,
9/21/2021 18:45,0,,,
9/21/2021 18:30,0,,,
9/21/2021 18:15,0,,,
9/21/2021 18:00,0,,,
9/21/2021 17:45,0,,,
9/21/2021 17:30,0,,,
9/21/2021 17:15,0,,,
9/21/2021 17:00,0,,,
9/21/2021 16:45,0,,,
9/21/2021 16:30,0,,,
9/21/2021 16:15,0,,,
9/21/2021 16:00,0,,,
9/21/2021 15:45,0,,,
9/21/2021 15:30,0,,,
9/21/2021 15:15,0,,,
9/21/2021 15:00,0,,,
9/21/2021 14:45,0,,,
9/21/2021 14:30,0,,,
9/21/2021 14:15,0,,,
9/21/2021 14:00,0,,,
9/21/2021 13:45,0,,,
9/21/2021 13:30,0,,,
9/21/2021 13:15,0,,,
9/21/2021 13:00,0,,,
9/21/2021 12:45,0,,,
9/21/2021 12:30,0,,,
9/21/2021 12:15,0,,,
9/21/2021 12:00,0,,,
9/21/2021 11:45,0,,,
9/21/2021 11:30,0,,,
9/21/2021 11:15,0,,,
9/21/2021 11:00,0,,,
9/21/2021 10:45,0,,,
9/21/2021 10:30,0,,,
9/21/2021 10:15,0,,,
9/21/2021 10:00,0,,,
9/21/2021 9:45,0,,,
9/21/2021 9:30,0,,,
9/21/2021 9:15,0,,,
9/21/2021 9:00,0,,,
9/21/2021 8:45,0,,,
9/21/2021 8:30,0,,,
9/21/2021 8:15,0,,,
9/21/2021 8:00,0,,,
9/21/2021 7:45,0,,,
9/21/2021 7:30,0,,,
9/21/2021 7:15,0,,,
9/21/2021 7:00,0,,,
9/21/2021 6:45,0,,,
9/21/2021 6:30,0,,,
9/21/2021 6:15,0,,,
9/21/2021 6:00,0,,,
9/21/2021 5:45,0,,,
9/21/2021 5:30,0,,,
9/21/2021 5:15,0,,,
9/21/2021 5:00,0,,,
9/21/2021 4:45,0,,,
9/21/2021 4:30,0,,,
9/21/2021 4:15,0,,,
9/21/2021 4:00,0,,,
9/21/2021 3:45,0,,,
9/21/2021 3:30,0,,,
9/21/2021 3:15,0,,,
9/21/2021 3:00,0,,,
9/21/2021 2:45,0,,,
9/21/2021 2:30,0,,,
9/21/2021 2:15,0,,,
9/21/2021 2:00,0,,,
9/21/2021 1:45,0,,,
9/21/2021 1:30,0,,,
9/21/2021 1:15,0,,,
9/21/2021 1:00,0,,,
9/21/2021 0:45,0,,,
9/21/2021 0:30,0,,,
9/21/2021 0:15,0,,,
9/21/2021 0:00,0,,,
9/20/2021 23:45,0,,,
9/20/2021 23:30,0,,,
9/20/2021 23:15,0,,,
9/20/2021 23:00,0,,,
9/20/2021 22:45,0,,,
9/20/2021 22:30,0,,,
9/20/2021 22:15,0,,,
9/20/2021 22:00,0,,,
9/20/2021 21:45,0,,,
9/20/2021 21:30,0,,,
9/20/2021 21:15,0,,,
9/20/2021 21:00,0,,,
9/20/2021 20:45,0,,,
9/20/2021 20:30,0,,,
9/20/2021 20:15,0,,,
9/20/2021 20:00,0,,,
9/20/2021 19:45,0,,,
9/20/2021 19:30,0,,,
9/20/2021 19:15,0,,,
9/20/2021 19:00,0,,,
9/20/2021 18:45,0,,,
9/20/2021 18:30,0,,,
9/20/2021 18:15,0,,,
9/20/2021 18:00,0,,,
9/20/2021 17:45,0,,,
9/20/2021 17:30,0,,,
9/20/2021 17:15,0,,,
9/20/2021 17:00,0,,,
9/20/2021 16:45,0,,,
9/20/2021 16:30,0,,,
9/20/2021 16:15,0,,,
9/20/2021 16:00,0,,,
9/20/2021 15:45,0,,,
9/20/2021 15:30,0,,,
9/20/2021 15:15,0,,,
9/20/2021 15:00,0,,,
9/20/2021 14:45,0,,,
9/20/2021 14:30,0,,,
9/20/2021 14:15,0,,,
9/20/2021 14:00,0,,,
9/20/2021 13:45,0,,,
9/20/2021 13:30,0,,,
9/20/2021 13:15,0,,,
9/20/2021 13:00,0,,,
9/20/2021 12:45,0,,,
9/20/2021 12:30,0,,,
9/20/2021 12:15,0,,,
9/20/2021 12:00,0,,,
9/20/2021 11:45,0,,,
9/20/2021 11:30,0,,,
9/20/2021 11:15,0,,,
9/20/2021 11:00,0,,,
9/20/2021 10:45,0,,,
9/20/2021 10:30,0,,,
9/20/2021 10:15,0,,,
9/20/2021 10:00,0,,,
9/20/2021 9:45,0,,,
9/20/2021 9:30,0,,,
9/20/2021 9:15,0,,,
9/20/2021 9:00,0,,,
9/20/2021 8:45,0,,,
9/20/2021 8:30,0,,,
9/20/2021 8:15,0,,,
9/20/2021 8:00,0,,,
9/20/2021 7:45,0,,,
9/20/2021 7:30,0,,,
9/20/2021 7:15,0,,,
9/20/2021 7:00,0,,,
9/20/2021 6:45,0,,,
9/20/2021 6:30,0,,,
9/20/2021 6:15,0,,,
9/20/2021 6:00,0,,,
9/20/2021 5:45,0,,,
9/20/2021 5:30,0,,,
9/20/2021 5:15,0,,,
9/20/2021 5:00,0,,,
9/20/2021 4:45,0,,,
9/20/2021 4:30,0,,,
9/20/2021 4:15,0,,,
9/20/2021 4:00,0,,,
9/20/2021 3:45,0,,,
9/20/2021 3:30,0,,,
9/20/2021 3:15,0,,,
9/20/2021 3:00,0,,,
9/20/2021 2:45,0,,,
9/20/2021 2:30,0,,,
9/20/2021 2:15,0,,,
9/20/2021 2:00,0,,,
9/20/2021 1:45,0,,,
9/20/2021 1:30,0,,,
9/20/2021 1:15,0,,,
9/20/2021 1:00,0,,,
9/20/2021 0:45,0,,,
9/20/2021 0:30,0,,,
9/20/2021 0:15,0,,,
9/20/2021 0:00,0,,,
9/19/2021 23:45,0,,,
9/19/2021 23:30,0,,,
9/19/2021 23:15,0,,,
9/19/2021 23:00,0,,,
9/19/2021 22:45,0,,,
9/19/2021 22:30,0,,,
9/19/2021 22:15,0,,,
9/19/2021 22:00,0,,,
9/19/2021 21:45,0,,,
9/19/2021 21:30,0,,,
9/19/2021 21:15,0,,,
9/19/2021 21:00,0,,,
9/19/2021 20:45,0,,,
9/19/2021 20:30,0,,,
9/19/2021 20:15,0,,,
9/19/2021 20:00,0,,,
9/19/2021 19:45,0,,,
9/19/2021 19:30,0,,,
9/19/2021 19:15,0,,,
9/19/2021 19:00,0,,,
9/19/2021 18:45,0,,,
9/19/2021 18:30,0,,,
9/19/2021 18:15,0,,,
9/19/2021 18:00,0,,,
9/19/2021 17:45,0,,,
9/19/2021 17:30,0,,,
9/19/2021 17:15,0,,,
9/19/2021 17:00,0,,,
9/19/2021 16:45,0,,,
9/19/2021 16:30,0,,,
9/19/2021 16:15,0,,,
9/19/2021 16:00,0,,,
9/19/2021 15:45,0,,,
9/19/2021 15:30,0,,,
9/19/2021 15:15,0,,,
9/19/2021 15:00,0,,,
9/19/2021 14:45,0,,,
9/19/2021 14:30,0,,,
9/19/2021 14:15,0,,,
9/19/2021 14:00,0,,,
9/19/2021 13:45,0,,,
9/19/2021 13:30,0,,,
9/19/2021 13:15,0,,,
9/19/2021 13:00,0,,,
9/19/2021 12:45,0,,,
9/19/2021 12:30,0,,,
9/19/2021 12:15,0,,,
9/19/2021 12:00,0,,,
9/19/2021 11:45,0,,,
9/19/2021 11:30,0,,,
9/19/2021 11:15,0,,,
9/19/2021 11:00,0,,,
9/19/2021 10:45,0,,,
9/19/2021 10:30,0,,,
9/19/2021 10:15,0,,,
9/19/2021 10:00,0,,,
9/19/2021 9:45,0,,,
9/19/2021 9:30,0,,,
9/19/2021 9:15,0,,,
9/19/2021 9:00,0,,,
9/19/2021 8:45,0,,,
9/19/2021 8:30,0,,,
9/19/2021 8:15,0,,,
9/19/2021 8:00,0,,,
9/19/2021 7:45,0,,,
9/19/2021 7:30,0,,,
9/19/2021 7:15,0,,,
9/19/2021 7:00,0,,,
9/19/2021 6:45,0,,,
9/19/2021 6:30,0,,,
9/19/2021 6:15,0,,,
9/19/2021 6:00,0,,,
9/19/2021 5:45,0,,,
9/19/2021 5:30,0,,,
9/19/2021 5:15,0,,,
9/19/2021 5:00,0,,,
9/19/2021 4:45,0,,,
9/19/2021 4:30,0,,,
9/19/2021 4:15,0,,,
9/19/2021 4:00,0,,,
9/19/2021 3:45,0,,,
9/19/2021 3:30,0,,,
9/19/2021 3:15,0,,,
9/19/2021 3:00,0,,,
9/19/2021 2:45,0,,,
9/19/2021 2:30,0,,,
9/19/2021 2:15,0,,,
9/19/2021 2:00,0,,,
9/19/2021 1:45,0,,,
9/19/2021 1:30,0,,,
9/19/2021 1:15,0,,,
9/19/2021 1:00,0,,,
9/19/2021 0:45,0,,,
9/19/2021 0:30,0,,,
9/19/2021 0:15,0,,,
9/19/2021 0:00,0,,,
9/18/2021 23:45,0,,,
9/18/2021 23:30,0,,,
9/18/2021 23:15,0,,,
9/18/2021 23:00,0,,,
9/18/2021 22:45,0,,,
9/18/2021 22:30,0,,,
9/18/2021 22:15,0,,,
9/18/2021 22:00,0,,,
9/18/2021 21:45,0,,,
9/18/2021 21:30,0,,,
9/18/2021 21:15,0,,,
9/18/2021 21:00,0,,,
9/18/2021 20:45,0,,,
9/18/2021 20:30,0,,,
9/18/2021 20:15,0,,,
9/18/2021 20:00,0,,,
9/18/2021 19:45,0,,,
9/18/2021 19:30,0,,,
9/18/2021 19:15,0,,,
9/18/2021 19:00,0,,,
9/18/2021 18:45,0,,,
9/18/2021 18:30,0,,,
9/18/2021 18:15,0,,,
9/18/2021 18:00,0,,,
9/18/2021 17:45,0,,,
9/18/2021 17:30,0,,,
9/18/2021 17:15,0,,,
9/18/2021 17:00,0,,,
9/18/2021 16:45,0,,,
9/18/2021 16:30,0,,,
9/18/2021 16:15,0,,,
9/18/2021 16:00,0,,,
9/18/2021 15:45,0,,,
9/18/2021 15:30,0,,,
9/18/2021 15:15,0,,,
9/18/2021 15:00,0,,,
9/18/2021 14:45,0,,,
9/18/2021 14:30,0,,,
9/18/2021 14:15,0,,,
9/18/2021 14:00,0,,,
9/18/2021 13:45,0,,,
9/18/2021 13:30,0,,,
9/18/2021 13:15,0,,,
9/18/2021 13:00,0,,,
9/18/2021 12:45,0,,,
9/18/2021 12:30,0,,,
9/18/2021 12:15,0,,,
9/18/2021 12:00,0,,,
9/18/2021 11:45,0,,,
9/18/2021 11:30,0,,,
9/18/2021 11:15,0,,,
9/18/2021 11:00,0,,,
9/18/2021 10:45,0,,,
9/18/2021 10:30,0,,,
9/18/2021 10:15,0,,,
9/18/2021 10:00,0,,,
9/18/2021 9:45,0,,,
9/18/2021 9:30,0,,,
9/18/2021 9:15,0,,,
9/18/2021 9:00,0,,,
9/18/2021 8:45,0,,,
9/18/2021 8:30,0,,,
9/18/2021 8:15,0,,,
9/18/2021 8:00,0,,,
9/18/2021 7:45,0,,,
9/18/2021 7:30,0,,,
9/18/2021 7:15,0,,,
9/18/2021 7:00,0,,,
9/18/2021 6:45,0,,,
9/18/2021 6:30,0,,,
9/18/2021 6:15,0,,,
9/18/2021 6:00,0,,,
9/18/2021 5:45,0,,,
9/18/2021 5:30,0,,,
9/18/2021 5:15,0,,,
9/18/2021 5:00,0,,,
9/18/2021 4:45,0,,,
9/18/2021 4:30,0,,,
9/18/2021 4:15,0,,,
9/18/2021 4:00,0,,,
9/18/2021 3:45,0,,,
9/18/2021 3:30,0,,,
9/18/2021 3:15,0,,,
9/18/2021 3:00,0,,,
9/18/2021 2:45,0,,,
9/18/2021 2:30,0,,,
9/18/2021 2:15,0,,,
9/18/2021 2:00,0,,,
9/18/2021 1:45,0,,,
9/18/2021 1:30,0,,,
9/18/2021 1:15,0,,,
9/18/2021 1:00,0,,,
9/18/2021 0:45,0,,,
9/18/2021 0:30,0,,,
9/18/2021 0:15,0,,,
9/18/2021 0:00,0,,,
9/17/2021 23:45,0,,,
9/17/2021 23:30,0,,,
9/17/2021 23:15,0,,,
9/17/2021 23:00,0,,,
9/17/2021 22:45,0,,,
9/17/2021 22:30,0,,,
9/17/2021 22:15,0,,,
9/17/2021 22:00,0,,,
9/17/2021 21:45,0,,,
9/17/2021 21:30,0,,,
9/17/2021 21:15,0,,,
9/17/2021 21:00,0,,,
9/17/2021 20:45,0,,,
9/17/2021 20:30,0,,,
9/17/2021 20:15,0,,,
9/17/2021 20:00,0,,,
9/17/2021 19:45,0,,,
9/17/2021 19:30,0,,,
9/17/2021 19:15,0,,,
9/17/2021 19:00,0,,,
9/17/2021 18:45,0,,,
9/17/2021 18:30,0,,,
9/17/2021 18:15,0,,,
9/17/2021 18:00,0,,,
9/17/2021 17:45,0,,,
9/17/2021 17:30,0,,,
9/17/2021 17:15,0,,,
9/17/2021 17:00,0,,,
9/17/2021 16:45,0,,,
9/17/2021 16:30,0,,,
9/17/2021 16:15,0,,,
9/17/2021 16:00,0,,,
9/17/2021 15:45,0,,,
9/17/2021 15:30,0,,,
9/17/2021 15:15,0,,,
9/17/2021 15:00,0,,,
9/17/2021 14:45,0,,,
9/17/2021 14:30,0,,,
9/17/2021 14:15,0,,,
9/17/2021 14:00,0,,,
9/17/2021 13:45,0,,,
9/17/2021 13:30,0,,,
9/17/2021 13:15,0,,,
9/17/2021 13:00,0,,,
9/17/2021 12:45,0,,,
9/17/2021 12:30,0,,,
9/17/2021 12:15,0,,,
9/17/2021 12:00,0,,,
9/17/2021 11:45,0,,,
9/17/2021 11:30,0,,,
9/17/2021 11:15,0,,,
9/17/2021 11:00,0,,,
9/17/2021 10:45,0,,,
9/17/2021 10:30,0,,,
9/17/2021 10:15,0,,,
9/17/2021 10:00,0,,,
9/17/2021 9:45,0,,,
9/17/2021 9:30,0,,,
9/17/2021 9:15,0,,,
9/17/2021 9:00,0,,,
9/17/2021 8:45,0,,,
9/17/2021 8:30,0,,,
9/17/2021 8:15,0,,,
9/17/2021 8:00,0,,,
9/17/2021 7:45,0,,,
9/17/2021 7:30,0,,,
9/17/2021 7:15,0,,,
9/17/2021 7:00,0,,,
9/17/2021 6:45,0,,,
9/17/2021 6:30,0,,,
9/17/2021 6:15,0,,,
9/17/2021 6:00,0,,,
9/17/2021 5:45,0,,,
9/17/2021 5:30,0,,,
9/17/2021 5:15,0,,,
9/17/2021 5:00,0,,,
9/17/2021 4:45,0,,,
9/17/2021 4:30,0,,,
9/17/2021 4:15,0,,,
9/17/2021 4:00,0,,,
9/17/2021 3:45,0,,,
9/17/2021 3:30,0,,,
9/17/2021 3:15,0,,,
9/17/2021 3:00,0,,,
9/17/2021 2:45,0,,,
9/17/2021 2:30,0,,,
9/17/2021 2:15,0,,,
9/17/2021 2:00,0,,,
9/17/2021 1:45,0,,,
9/17/2021 1:30,0,,,
9/17/2021 1:15,0,,,
9/17/2021 1:00,0,,,
9/17/2021 0:45,0,,,
9/17/2021 0:30,0,,,
9/17/2021 0:15,0,,,
9/17/2021 0:00,0,,,
9/16/2021 23:45,0,,,
9/16/2021 23:30,0,,,
9/16/2021 23:15,0,,,
9/16/2021 23:00,0,,,
9/16/2021 22:45,0,,,
9/16/2021 22:30,0,,,
9/16/2021 22:15,0,,,
9/16/2021 22:00,0,,,
9/16/2021 21:45,0,,,
9/16/2021 21:30,0,,,
9/16/2021 21:15,0,,,
9/16/2021 21:00,0,,,
9/16/2021 20:45,0,,,
9/16/2021 20:30,0,,,
9/16/2021 20:15,0,,,
9/16/2021 20:00,0,,,
9/16/2021 19:45,0,,,
9/16/2021 19:30,0,,,
9/16/2021 19:15,0,,,
9/16/2021 19:00,0,,,
9/16/2021 18:45,0,,,
9/16/2021 18:30,0,,,
9/16/2021 18:15,0,,,
9/16/2021 18:00,0,,,
9/16/2021 17:45,0,,,
9/16/2021 17:30,0,,,
9/16/2021 17:15,0,,,
9/16/2021 17:00,0,,,
9/16/2021 16:45,0,,,
9/16/2021 16:30,0,,,
9/16/2021 16:15,0,,,
9/16/2021 16:00,0,,,
9/16/2021 15:45,0,,,
9/16/2021 15:30,0,,,
9/16/2021 15:15,0,,,
9/16/2021 15:00,0,,,
9/16/2021 14:45,0,,,
9/16/2021 14:30,0,,,
9/16/2021 14:15,0,,,
9/16/2021 14:00,0,,,
9/16/2021 13:45,0,,,
9/16/2021 13:30,0,,,
9/16/2021 13:15,0,,,
9/16/2021 13:00,0,,,
9/16/2021 12:45,0,,,
9/16/2021 12:30,0,,,
9/16/2021 12:15,0,,,
9/16/2021 12:00,0,,,
9/16/2021 11:45,0,,,
9/16/2021 11:30,0,,,
9/16/2021 11:15,0,,,
9/16/2021 11:00,0,,,
9/16/2021 10:45,0,,,
9/16/2021 10:30,0,,,
9/16/2021 10:15,0,,,
9/16/2021 10:00,0,,,
9/16/2021 9:45,0,,,
9/16/2021 9:30,0,,,
9/16/2021 9:15,0,,,
9/16/2021 9:00,0,,,
9/16/2021 8:45,0,,,
9/16/2021 8:30,0,,,
9/16/2021 8:15,0,,,
9/16/2021 8:00,0,,,
9/16/2021 7:45,0,,,
9/16/2021 7:30,0,,,
9/16/2021 7:15,0,,,
9/16/2021 7:00,0,,,
9/16/2021 6:45,0,,,
9/16/2021 6:30,0,,,
9/16/2021 6:15,0,,,
9/16/2021 6:00,0,,,
9/16/2021 5:45,0,,,
9/16/2021 5:30,0,,,
9/16/2021 5:15,0,,,
9/16/2021 5:00,0,,,
9/16/2021 4:45,0,,,
9/16/2021 4:30,0,,,
9/16/2021 4:15,0,,,
9/16/2021 4:00,0,,,
9/16/2021 3:45,0,,,
9/16/2021 3:30,0,,,
9/16/2021 3:15,0,,,
9/16/2021 3:00,0,,,
9/16/2021 2:45,0,,,
9/16/2021 2:30,0,,,
9/16/2021 2:15,0,,,
9/16/2021 2:00,0,,,
9/16/2021 1:45,0,,,
9/16/2021 1:30,0,,,
9/16/2021 1:15,0,,,
9/16/2021 1:00,0,,,
9/16/2021 0:45,0,,,
9/16/2021 0:30,0,,,
9/16/2021 0:15,0,,,
9/16/2021 0:00,0,,,
9/15/2021 23:45,0,,,
9/15/2021 23:30,0,,,
9/15/2021 23:15,0,,,
9/15/2021 23:00,0,,,
9/15/2021 22:45,0,,,
9/15/2021 22:30,0,,,
9/15/2021 22:15,0,,,
9/15/2021 22:00,0,,,
9/15/2021 21:45,0,,,
9/15/2021 21:30,0,,,
9/15/2021 21:15,0,,,
9/15/2021 21:00,0,,,
9/15/2021 20:45,0,,,
9/15/2021 20:30,0,,,
9/15/2021 20:15,0,,,
9/15/2021 20:00,0,,,
9/15/2021 19:45,0,,,
9/15/2021 19:30,0,,,
9/15/2021 19:15,0,,,
9/15/2021 19:00,0,,,
9/15/2021 18:45,0,,,
9/15/2021 18:30,0,,,
9/15/2021 18:15,0,,,
9/15/2021 18:00,0,,,
9/15/2021 17:45,0,,,
9/15/2021 17:30,0,,,
9/15/2021 17:15,0,,,
9/15/2021 17:00,0,,,
9/15/2021 16:45,0,,,
9/15/2021 16:30,0,,,
9/15/2021 16:15,0,,,
9/15/2021 16:00,0,,,
9/15/2021 15:45,0,,,
9/15/2021 15:30,0,,,
9/15/2021 15:15,0,,,
9/15/2021 15:00,0,,,
9/15/2021 14:45,0,,,
9/15/2021 14:30,0,,,
9/15/2021 14:15,0,,,
9/15/2021 14:00,0,,,
9/15/2021 13:45,0,,,
9/15/2021 13:30,0,,,
9/15/2021 13:15,0,,,
9/15/2021 13:00,0,,,
9/15/2021 12:45,0,,,
9/15/2021 12:30,0,,,
9/15/2021 12:15,0,,,
9/15/2021 12:00,0,,,
9/15/2021 11:45,0,,,
9/15/2021 11:30,0,,,
9/15/2021 11:15,0,,,
9/15/2021 11:00,0,,,
9/15/2021 10:45,0,,,
9/15/2021 10:30,0,,,
9/15/2021 10:15,0,,,
9/15/2021 10:00,0,,,
9/15/2021 9:45,0,,,
9/15/2021 9:30,0,,,
9/15/2021 9:15,0,,,
9/15/2021 9:00,0,,,
9/15/2021 8:45,0,,,
9/15/2021 8:30,0,,,
9/15/2021 8:15,0,,,
9/15/2021 8:00,0,,,
9/15/2021 7:45,0,,,
9/15/2021 7:30,0,,,
9/15/2021 7:15,0,,,
9/15/2021 7:00,0,,,
9/15/2021 6:45,0,,,
9/15/2021 6:30,0,,,
9/15/2021 6:15,0,,,
9/15/2021 6:00,0,,,
9/15/2021 5:45,0,,,
9/15/2021 5:30,0,,,
9/15/2021 5:15,0,,,
9/15/2021 5:00,0,,,
9/15/2021 4:45,0,,,
9/15/2021 4:30,0,,,
9/15/2021 4:15,0,,,
9/15/2021 4:00,0,,,
9/15/2021 3:45,0,,,
9/15/2021 3:30,0,,,
9/15/2021 3:15,0,,,
9/15/2021 3:00,0,,,
9/15/2021 2:45,0,,,
9/15/2021 2:30,0,,,
9/15/2021 2:15,0,,,
9/15/2021 2:00,0,,,
9/15/2021 1:45,0,,,
9/15/2021 1:30,0,,,
9/15/2021 1:15,0,,,
9/15/2021 1:00,0,,,
9/15/2021 0:45,0,,,
9/15/2021 0:30,0,,,
9/15/2021 0:15,0,,,
9/15/2021 0:00,0,,,
9/14/2021 23:45,0,,,
9/14/2021 23:30,0,,,
9/14/2021 23:15,0,,,
9/14/2021 23:00,0,,,
9/14/2021 22:45,0,,,
9/14/2021 22:30,0,,,
9/14/2021 22:15,0,,,
9/14/2021 22:00,0,,,
9/14/2021 21:45,0,,,
9/14/2021 21:30,0,,,
9/14/2021 21:15,0,,,
9/14/2021 21:00,0,,,
9/14/2021 20:45,0,,,
9/14/2021 20:30,0,,,
9/14/2021 20:15,0,,,
9/14/2021 20:00,0,,,
9/14/2021 19:45,0,,,
9/14/2021 19:30,0,,,
9/14/2021 19:15,0,,,
9/14/2021 19:00,0,,,
9/14/2021 18:45,0,,,
9/14/2021 18:30,0,,,
9/14/2021 18:15,0,,,
9/14/2021 18:00,0,,,
9/14/2021 17:45,0,,,
9/14/2021 17:30,0,,,
9/14/2021 17:15,0,,,
9/14/2021 17:00,0,,,
9/14/2021 16:45,0,,,
9/14/2021 16:30,0,,,
9/14/2021 16:15,0,,,
9/14/2021 16:00,0,,,
9/14/2021 15:45,0,,,
9/14/2021 15:30,0,,,
9/14/2021 15:15,0,,,
9/14/2021 15:00,0,,,
9/14/2021 14:45,0,,,
9/14/2021 14:30,0,,,
9/14/2021 14:15,0,,,
9/14/2021 14:00,0,,,
9/14/2021 13:45,0,,,
9/14/2021 13:30,0,,,
9/14/2021 13:15,0,,,
9/14/2021 13:00,0,,,
9/14/2021 12:45,0,,,
9/14/2021 12:30,0,,,
9/14/2021 12:15,0,,,
9/14/2021 12:00,0,,,
9/14/2021 11:45,0,,,
9/14/2021 11:30,0,,,
9/14/2021 11:15,0,,,
9/14/2021 11:00,0,,,
9/14/2021 10:45,0,,,
9/14/2021 10:30,0,,,
9/14/2021 10:15,0,,,
9/14/2021 10:00,0,,,
9/14/2021 9:45,0,,,
9/14/2021 9:30,0,,,
9/14/2021 9:15,0,,,
9/14/2021 9:00,0,,,
9/14/2021 8:45,0,,,
9/14/2021 8:30,0,,,
9/14/2021 8:15,0,,,
9/14/2021 8:00,0,,,
9/14/2021 7:45,0,,,
9/14/2021 7:30,0,,,
9/14/2021 7:15,0,,,
9/14/2021 7:00,0,,,
9/14/2021 6:45,0,,,
9/14/2021 6:30,0,,,
9/14/2021 6:15,0,,,
9/14/2021 6:00,0,,,
9/14/2021 5:45,0,,,
9/14/2021 5:30,0,,,
9/14/2021 5:15,0,,,
9/14/2021 5:00,0,,,
9/14/2021 4:45,0,,,
9/14/2021 4:30,0,,,
9/14/2021 4:15,0,,,
9/14/2021 4:00,0,,,
9/14/2021 3:45,0,,,
9/14/2021 3:30,0,,,
9/14/2021 3:15,0,,,
9/14/2021 3:00,0,,,
9/14/2021 2:45,0,,,
9/14/2021 2:30,0,,,
9/14/2021 2:15,0,,,
9/14/2021 2:00,0,,,
9/14/2021 1:45,0,,,
9/14/2021 1:30,0,,,
9/14/2021 1:15,0,,,
9/14/2021 1:00,0,,,
9/14/2021 0:45,0,,,
9/14/2021 0:30,0,,,
9/14/2021 0:15,0,,,
9/14/2021 0:00,0,,,
9/13/2021 23:45,0,,,
9/13/2021 23:30,0,,,
9/13/2021 23:15,0,,,
9/13/2021 23:00,0,,,
9/13/2021 22:45,0,,,
9/13/2021 22:30,0,,,
9/13/2021 22:15,0,,,
9/13/2021 22:00,0,,,
9/13/2021 21:45,0,,,
9/13/2021 21:30,0,,,
9/13/2021 21:15,0,,,
9/13/2021 21:00,0,,,
9/13/2021 20:45,0,,,
9/13/2021 20:30,0,,,
9/13/2021 20:15,0,,,
9/13/2021 20:00,0,,,
9/13/2021 19:45,0,,,
9/13/2021 19:30,0,,,
9/13/2021 19:15,0,,,
9/13/2021 19:00,0,,,
9/13/2021 18:45,0,,,
9/13/2021 18:30,0,,,
9/13/2021 18:15,0,,,
9/13/2021 18:00,0,,,
9/13/2021 17:45,0,,,
9/13/2021 17:30,0,,,
9/13/2021 17:15,0,,,
9/13/2021 17:00,0,,,
9/13/2021 16:45,0,,,
9/13/2021 16:30,0,,,
9/13/2021 16:15,0,,,
9/13/2021 16:00,0,,,
9/13/2021 15:45,0,,,
9/13/2021 15:30,0,,,
9/13/2021 15:15,0,,,
9/13/2021 15:00,0,,,
9/13/2021 14:45,0,,,
9/13/2021 14:30,0,,,
9/13/2021 14:15,0,,,
9/13/2021 14:00,0,,,
9/13/2021 13:45,0,,,
9/13/2021 13:30,0,,,
9/13/2021 13:15,0,,,
9/13/2021 13:00,0,,,
9/13/2021 12:45,0,,,
9/13/2021 12:30,0,,,
9/13/2021 12:15,0,,,
9/13/2021 12:00,0,,,
9/13/2021 11:45,0,,,
9/13/2021 11:30,0,,,
9/13/2021 11:15,0,,,
9/13/2021 11:00,0,,,
9/13/2021 10:45,0,,,
9/13/2021 10:30,0,,,
9/13/2021 10:15,0,,,
9/13/2021 10:00,0,,,
9/13/2021 9:45,0,,,
9/13/2021 9:30,0,,,
9/13/2021 9:15,0,,,
9/13/2021 9:00,0,,,
9/13/2021 8:45,0,,,
9/13/2021 8:30,0,,,
9/13/2021 8:15,0,,,
9/13/2021 8:00,0,,,
9/13/2021 7:45,0,,,
9/13/2021 7:30,0,,,
9/13/2021 7:15,0,,,
9/13/2021 7:00,0,,,
9/13/2021 6:45,0,,,
9/13/2021 6:30,0,,,
9/13/2021 6:15,0,,,
9/13/2021 6:00,0,,,
9/13/2021 5:45,0,,,
9/13/2021 5:30,0,,,
9/13/2021 5:15,0,,,
9/13/2021 5:00,0,,,
9/13/2021 4:45,0,,,
9/13/2021 4:30,0,,,
9/13/2021 4:15,0,,,
9/13/2021 4:00,0,,,
9/13/2021 3:45,0,,,
9/13/2021 3:30,0,,,
9/13/2021 3:15,0,,,
9/13/2021 3:00,0,,,
9/13/2021 2:45,0,,,
9/13/2021 2:30,0,,,
9/13/2021 2:15,0,,,
9/13/2021 2:00,0,,,
9/13/2021 1:45,0,,,
9/13/2021 1:30,0,,,
9/13/2021 1:15,0,,,
9/13/2021 1:00,0,,,
9/13/2021 0:45,0,,,
9/13/2021 0:30,0,,,
9/13/2021 0:15,0,,,
9/13/2021 0:00,0,,,
9/12/2021 23:45,0,,,
9/12/2021 23:30,0,,,
9/12/2021 23:15,0,,,
9/12/2021 23:00,0,,,
9/12/2021 22:45,0,,,
9/12/2021 22:30,0,,,
9/12/2021 22:15,0,,,
9/12/2021 22:00,0,,,
9/12/2021 21:45,0,,,
9/12/2021 21:30,0,,,
9/12/2021 21:15,0,,,
9/12/2021 21:00,0,,,
9/12/2021 20:45,0,,,
9/12/2021 20:30,0,,,
9/12/2021 20:15,0,,,
9/12/2021 20:00,0,,,
9/12/2021 19:45,0,,,
9/12/2021 19:30,0,,,
9/12/2021 19:15,0,,,
9/12/2021 19:00,0,,,
9/12/2021 18:45,0,,,
9/12/2021 18:30,0,,,
9/12/2021 18:15,0,,,
9/12/2021 18:00,0,,,
9/12/2021 17:45,0,,,
9/12/2021 17:30,0,,,
9/12/2021 17:15,0,,,
9/12/2021 17:00,0,,,
9/12/2021 16:45,0,,,
9/12/2021 16:30,0,,,
9/12/2021 16:15,0,,,
9/12/2021 16:00,0,,,
9/12/2021 15:45,0,,,
9/12/2021 15:30,0,,,
9/12/2021 15:15,0,,,
9/12/2021 15:00,0,,,
9/12/2021 14:45,0,,,
9/12/2021 14:30,0,,,
9/12/2021 14:15,0,,,
9/12/2021 14:00,0,,,
9/12/2021 13:45,0,,,
9/12/2021 13:30,0,,,
9/12/2021 13:15,0,,,
9/12/2021 13:00,0,,,
9/12/2021 12:45,0,,,
9/12/2021 12:30,0,,,
9/12/2021 12:15,0,,,
9/12/2021 12:00,0,,,
9/12/2021 11:45,0,,,
9/12/2021 11:30,0,,,
9/12/2021 11:15,0,,,
9/12/2021 11:00,0,,,
9/12/2021 10:45,0,,,
9/12/2021 10:30,0,,,
9/12/2021 10:15,0,,,
9/12/2021 10:00,0,,,
9/12/2021 9:45,0,,,
9/12/2021 9:30,0,,,
9/12/2021 9:15,0,,,
9/12/2021 9:00,0,,,
9/12/2021 8:45,0,,,
9/12/2021 8:30,0,,,
9/12/2021 8:15,0,,,
9/12/2021 8:00,0,,,
9/12/2021 7:45,0,,,
9/12/2021 7:30,0,,,
9/12/2021 7:15,0,,,
9/12/2021 7:00,0,,,
9/12/2021 6:45,0,,,
9/12/2021 6:30,0,,,
9/12/2021 6:15,0,,,
9/12/2021 6:00,0,,,
9/12/2021 5:45,0,,,
9/12/2021 5:30,0,,,
9/12/2021 5:15,0,,,
9/12/2021 5:00,0,,,
9/12/2021 4:45,0,,,
9/12/2021 4:30,0,,,
9/12/2021 4:15,0,,,
9/12/2021 4:00,0,,,
9/12/2021 3:45,0,,,
9/12/2021 3:30,0,,,
9/12/2021 3:15,0,,,
9/12/2021 3:00,0,,,
9/12/2021 2:45,0,,,
9/12/2021 2:30,0,,,
9/12/2021 2:15,0,,,
9/12/2021 2:00,0,,,
9/12/2021 1:45,0,,,
9/12/2021 1:30,0,,,
9/12/2021 1:15,0,,,
9/12/2021 1:00,0,,,
9/12/2021 0:45,0,,,
9/12/2021 0:30,0,,,
9/12/2021 0:15,0,,,
9/12/2021 0:00,0,,,
9/11/2021 23:45,0,,,
9/11/2021 23:30,0,,,
9/11/2021 23:15,0,,,
9/11/2021 23:00,0,,,
9/11/2021 22:45,0,,,
9/11/2021 22:30,0,,,
9/11/2021 22:15,0,,,
9/11/2021 22:00,0,,,
9/11/2021 21:45,0,,,
9/11/2021 21:30,0,,,
9/11/2021 21:15,0,,,
9/11/2021 21:00,0,,,
9/11/2021 20:45,0,,,
9/11/2021 20:30,0,,,
9/11/2021 20:15,0,,,
9/11/2021 20:00,0,,,
9/11/2021 19:45,0,,,
9/11/2021 19:30,0,,,
9/11/2021 19:15,0,,,
9/11/2021 19:00,0,,,
9/11/2021 18:45,0,,,
9/11/2021 18:30,0,,,
9/11/2021 18:15,0,,,
9/11/2021 18:00,0,,,
9/11/2021 17:45,0,,,
9/11/2021 17:30,0,,,
9/11/2021 17:15,0,,,
9/11/2021 17:00,0,,,
9/11/2021 16:45,0,,,
9/11/2021 16:30,0,,,
9/11/2021 16:15,0,,,
9/11/2021 16:00,0,,,
9/11/2021 15:45,0,,,
9/11/2021 15:30,0,,,
9/11/2021 15:15,0,,,
9/11/2021 15:00,0,,,
9/11/2021 14:45,0,,,
9/11/2021 14:30,0,,,
9/11/2021 14:15,0,,,
9/11/2021 14:00,0,,,
9/11/2021 13:45,0,,,
9/11/2021 13:30,0,,,
9/11/2021 13:15,0,,,
9/11/2021 13:00,0,,,
9/11/2021 12:45,0,,,
9/11/2021 12:30,0,,,
9/11/2021 12:15,0,,,
9/11/2021 12:00,0,,,
9/11/2021 11:45,0,,,
9/11/2021 11:30,0,,,
9/11/2021 11:15,0,,,
9/11/2021 11:00,0,,,
9/11/2021 10:45,0,,,
9/11/2021 10:30,0,,,
9/11/2021 10:15,0,,,
9/11/2021 10:00,0,,,
9/11/2021 9:45,0,,,
9/11/2021 9:30,0,,,
9/11/2021 9:15,0,,,
9/11/2021 9:00,0,,,
9/11/2021 8:45,0,,,
9/11/2021 8:30,0,,,
9/11/2021 8:15,0,,,
9/11/2021 8:00,0,,,
9/11/2021 7:45,0,,,
9/11/2021 7:30,0,,,
9/11/2021 7:15,0,,,
9/11/2021 7:00,0,,,
9/11/2021 6:45,0,,,
9/11/2021 6:30,0,,,
9/11/2021 6:15,0,,,
9/11/2021 6:00,0,,,
9/11/2021 5:45,0,,,
9/11/2021 5:30,0,,,
9/11/2021 5:15,0,,,
9/11/2021 5:00,0,,,
9/11/2021 4:45,0,,,
9/11/2021 4:30,0,,,
9/11/2021 4:15,0,,,
9/11/2021 4:00,0,,,
9/11/2021 3:45,0,,,
9/11/2021 3:30,0,,,
9/11/2021 3:15,0,,,
9/11/2021 3:00,0,,,
9/11/2021 2:45,0,,,
9/11/2021 2:30,0,,,
9/11/2021 2:15,0,,,
9/11/2021 2:00,0,,,
9/11/2021 1:45,0,,,
9/11/2021 1:30,0,,,
9/11/2021 1:15,0,,,
9/11/2021 1:00,0,,,
9/11/2021 0:45,0,,,
9/11/2021 0:30,0,,,
9/11/2021 0:15,0,,,
9/11/2021 0:00,0,,,
9/10/2021 23:45,0,,,
9/10/2021 23:30,0,,,
9/10/2021 23:15,0,,,
9/10/2021 23:00,0,,,
9/10/2021 22:45,0,,,
9/10/2021 22:30,0,,,
9/10/2021 22:15,0,,,
9/10/2021 22:00,0,,,
9/10/2021 21:45,0,,,
9/10/2021 21:30,0,,,
9/10/2021 21:15,0,,,
9/10/2021 21:00,0,,,
9/10/2021 20:45,0,,,
9/10/2021 20:30,0,,,
9/10/2021 20:15,0,,,
9/10/2021 20:00,0,,,
9/10/2021 19:45,0,,,
9/10/2021 19:30,0,,,
9/10/2021 19:15,0,,,
9/10/2021 19:00,0,,,
9/10/2021 18:45,0,,,
9/10/2021 18:30,0,,,
9/10/2021 18:15,0,,,
9/10/2021 18:00,0,,,
9/10/2021 17:45,0,,,
9/10/2021 17:30,0,,,
9/10/2021 17:15,0,,,
9/10/2021 17:00,0,,,
9/10/2021 16:45,0,,,
9/10/2021 16:30,0,,,
9/10/2021 16:15,0,,,
9/10/2021 16:00,0,,,
9/10/2021 15:45,0,,,
9/10/2021 15:30,0,,,
9/10/2021 15:15,0,,,
9/10/2021 15:00,0,,,
9/10/2021 14:45,0,,,
9/10/2021 14:30,0,,,
9/10/2021 14:15,0,,,
9/10/2021 14:00,0,,,
9/10/2021 13:45,0,,,
9/10/2021 13:30,0,,,
9/10/2021 13:15,0,,,
9/10/2021 13:00,0,,,
9/10/2021 12:45,0,,,
9/10/2021 12:30,0,,,
9/10/2021 12:15,0,,,
9/10/2021 12:00,0,,,
9/10/2021 11:45,0,,,
9/10/2021 11:30,0,,,
9/10/2021 11:15,0,,,
9/10/2021 11:00,0,,,
9/10/2021 10:45,0,,,
9/10/2021 10:30,0,,,
9/10/2021 10:15,0,,,
9/10/2021 10:00,0,,,
9/10/2021 9:45,0,,,
9/10/2021 9:30,0,,,
9/10/2021 9:15,0,,,
9/10/2021 9:00,0,,,
9/10/2021 8:45,0,,,
9/10/2021 8:30,0,,,
9/10/2021 8:15,0,,,
9/10/2021 8:00,0,,,
9/10/2021 7:45,0,,,
9/10/2021 7:30,0,,,
9/10/2021 7:15,0,,,
9/10/2021 7:00,0,,,
9/10/2021 6:45,0,,,
9/10/2021 6:30,0,,,
9/10/2021 6:15,0,,,
9/10/2021 6:00,0,,,
9/10/2021 5:45,0,,,
9/10/2021 5:30,0,,,
9/10/2021 5:15,0,,,
9/10/2021 5:00,0,,,
9/10/2021 4:45,0,,,
9/10/2021 4:30,0,,,
9/10/2021 4:15,0,,,
9/10/2021 4:00,0,,,
9/10/2021 3:45,0,,,
9/10/2021 3:30,0,,,
9/10/2021 3:15,0,,,
9/10/2021 3:00,0,,,
9/10/2021 2:45,0,,,
9/10/2021 2:30,0,,,
9/10/2021 2:15,0,,,
9/10/2021 2:00,0,,,
9/10/2021 1:45,0,,,
9/10/2021 1:30,0,,,
9/10/2021 1:15,0,,,
9/10/2021 1:00,0,,,
9/10/2021 0:45,0,,,
9/10/2021 0:30,0,,,
9/10/2021 0:15,0,,,
9/10/2021 0:00,0,,,
9/9/2021 23:45,0,,,
9/9/2021 23:30,0,,,
9/9/2021 23:15,0,,,
9/9/2021 23:00,0,,,
9/9/2021 22:45,0,,,
9/9/2021 22:30,0,,,
9/9/2021 22:15,0,,,
9/9/2021 22:00,0,,,
9/9/2021 21:45,0,,,
9/9/2021 21:30,0,,,
9/9/2021 21:15,0,,,
9/9/2021 21:00,0,,,
9/9/2021 20:45,0,,,
9/9/2021 20:30,0,,,
9/9/2021 20:15,0,,,
9/9/2021 20:00,0,,,
9/9/2021 19:45,0,,,
9/9/2021 19:30,0,,,
9/9/2021 19:15,0,,,
9/9/2021 19:00,0,,,
9/9/2021 18:45,0,,,
9/9/2021 18:30,0,,,
9/9/2021 18:15,0,,,
9/9/2021 18:00,0,,,
9/9/2021 17:45,0,,,
9/9/2021 17:30,0,,,
9/9/2021 17:15,0,,,
9/9/2021 17:00,0,,,
9/9/2021 16:45,0,,,
9/9/2021 16:30,0,,,
9/9/2021 16:15,0,,,
9/9/2021 16:00,0,,,
9/9/2021 15:45,0,,,
9/9/2021 15:30,0,,,
9/9/2021 15:15,0,,,
9/9/2021 15:00,0,,,
9/9/2021 14:45,0,,,
9/9/2021 14:30,0,,,
9/9/2021 14:15,0,,,
9/9/2021 14:00,0,,,
9/9/2021 13:45,0,,,
9/9/2021 13:30,0,,,
9/9/2021 13:15,0,,,
9/9/2021 13:00,0,,,
9/9/2021 12:45,0,,,
9/9/2021 12:30,0,,,
9/9/2021 12:15,0,,,
9/9/2021 12:00,0,,,
9/9/2021 11:45,0,,,
9/9/2021 11:30,0,,,
9/9/2021 11:15,0,,,
9/9/2021 11:00,0,,,
9/9/2021 10:45,0,,,
9/9/2021 10:30,0,,,
9/9/2021 10:15,0,,,
9/9/2021 10:00,0,,,
9/9/2021 9:45,0,,,
9/9/2021 9:30,0,,,
9/9/2021 9:15,0,,,
9/9/2021 9:00,0,,,
9/9/2021 8:45,0,,,
9/9/2021 8:30,0,,,
9/9/2021 8:15,0,,,
9/9/2021 8:00,0,,,
9/9/2021 7:45,0,,,
9/9/2021 7:30,0,,,
9/9/2021 7:15,0,,,
9/9/2021 7:00,0,,,
9/9/2021 6:45,0,,,
9/9/2021 6:30,0,,,
9/9/2021 6:15,0,,,
9/9/2021 6:00,0,,,
9/9/2021 5:45,0,,,
9/9/2021 5:30,0,,,
9/9/2021 5:15,0,,,
9/9/2021 5:00,0,,,
9/9/2021 4:45,0,,,
9/9/2021 4:30,0,,,
9/9/2021 4:15,0,,,
9/9/2021 4:00,0,,,
9/9/2021 3:45,0,,,
9/9/2021 3:30,0,,,
9/9/2021 3:15,0,,,
9/9/2021 3:00,0,,,
9/9/2021 2:45,0,,,
9/9/2021 2:30,0,,,
9/9/2021 2:15,0,,,
9/9/2021 2:00,0,,,
9/9/2021 1:45,0,,,
9/9/2021 1:30,0,,,
9/9/2021 1:15,0,,,
9/9/2021 1:00,0,,,
9/9/2021 0:45,0,,,
9/9/2021 0:30,0,,,
9/9/2021 0:15,0,,,
9/9/2021 0:00,0,,,
9/8/2021 23:45,0,,,
9/8/2021 23:30,0,,,
9/8/2021 23:15,0,,,
9/8/2021 23:00,0,,,
9/8/2021 22:45,0,,,
9/8/2021 22:30,0,,,
9/8/2021 22:15,0,,,
9/8/2021 22:00,0,,,
9/8/2021 21:45,0,,,
9/8/2021 21:30,0,,,
9/8/2021 21:15,0,,,
9/8/2021 21:00,0,,,
9/8/2021 20:45,0,,,
9/8/2021 20:30,0,,,
9/8/2021 20:15,0,,,
9/8/2021 20:00,0,,,
9/8/2021 19:45,0,,,
9/8/2021 19:30,0,,,
9/8/2021 19:15,0,,,
9/8/2021 19:00,0,,,
9/8/2021 18:45,0,,,
9/8/2021 18:30,0,,,
9/8/2021 18:15,0,,,
9/8/2021 18:00,0,,,
9/8/2021 17:45,0,,,
9/8/2021 17:30,0,,,
9/8/2021 17:15,0,,,
9/8/2021 17:00,0,,,
9/8/2021 16:45,0,,,
9/8/2021 16:30,0,,,
9/8/2021 16:15,0,,,
9/8/2021 16:00,0,,,
9/8/2021 15:45,0,,,
9/8/2021 15:30,0,,,
9/8/2021 15:15,0,,,
9/8/2021 15:00,0,,,
9/8/2021 14:45,0,,,
9/8/2021 14:30,0,,,
9/8/2021 14:15,0,,,
9/8/2021 14:00,0,,,
9/8/2021 13:45,0,,,
9/8/2021 13:30,0,,,
9/8/2021 13:15,0,,,
9/8/2021 13:00,0,,,
9/8/2021 12:45,0,,,
9/8/2021 12:30,0,,,
9/8/2021 12:15,0,,,
9/8/2021 12:00,0,,,
9/8/2021 11:45,0,,,
9/8/2021 11:30,0,,,
9/8/2021 11:15,0,,,
9/8/2021 11:00,0,,,
9/8/2021 10:45,0,,,
9/8/2021 10:30,0,,,
9/8/2021 10:15,0,,,
9/8/2021 10:00,0,,,
9/8/2021 9:45,0,,,
9/8/2021 9:30,0,,,
9/8/2021 9:15,0,,,
9/8/2021 9:00,0,,,
9/8/2021 8:45,0,,,
9/8/2021 8:30,0,,,
9/8/2021 8:15,0,,,
9/8/2021 8:00,0,,,
9/8/2021 7:45,0,,,
9/8/2021 7:30,0,,,
9/8/2021 7:15,0,,,
9/8/2021 7:00,0,,,
9/8/2021 6:45,0,,,
9/8/2021 6:30,0,,,
9/8/2021 6:15,0,,,
9/8/2021 6:00,0,,,
9/8/2021 5:45,0,,,
9/8/2021 5:30,0,,,
9/8/2021 5:15,0,,,
9/8/2021 5:00,0,,,
9/8/2021 4:45,0,,,
9/8/2021 4:30,0,,,
9/8/2021 4:15,0,,,
9/8/2021 4:00,0,,,
9/8/2021 3:45,0,,,
9/8/2021 3:30,0,,,
9/8/2021 3:15,0,,,
9/8/2021 3:00,0,,,
9/8/2021 2:45,0,,,
9/8/2021 2:30,0,,,
9/8/2021 2:15,0,,,
9/8/2021 2:00,0,,,
9/8/2021 1:45,0,,,
9/8/2021 1:30,0,,,
9/8/2021 1:15,0,,,
9/8/2021 1:00,0,,,
9/8/2021 0:45,0,,,
9/8/2021 0:30,0,,,
9/8/2021 0:15,0,,,
9/8/2021 0:00,0,,,
9/7/2021 23:45,0,,,
9/7/2021 23:30,0,,,
9/7/2021 23:15,0,,,
9/7/2021 23:00,0,,,
9/7/2021 22:45,0,,,
9/7/2021 22:30,0,,,
9/7/2021 22:15,0,,,
9/7/2021 22:00,0,,,
9/7/2021 21:45,0,,,
9/7/2021 21:30,0,,,
9/7/2021 21:15,0,,,
9/7/2021 21:00,0,,,
9/7/2021 20:45,0,,,
9/7/2021 20:30,0,,,
9/7/2021 20:15,0,,,
9/7/2021 20:00,0,,,
9/7/2021 19:45,0,,,
9/7/2021 19:30,0,,,
9/7/2021 19:15,0,,,
9/7/2021 19:00,0,,,
9/7/2021 18:45,0,,,
9/7/2021 18:30,0,,,
9/7/2021 18:15,0,,,
9/7/2021 18:00,0,,,
9/7/2021 17:45,0,,,
9/7/2021 17:30,0,,,
9/7/2021 17:15,0,,,
9/7/2021 17:00,0,,,
9/7/2021 16:45,0,,,
9/7/2021 16:30,0,,,
9/7/2021 16:15,0,,,
9/7/2021 16:00,0,,,
9/7/2021 15:45,0,,,
9/7/2021 15:30,0,,,
9/7/2021 15:15,0,,,
9/7/2021 15:00,0,,,
9/7/2021 14:45,0,,,
9/7/2021 14:30,0,,,
9/7/2021 14:15,0,,,
9/7/2021 14:00,0,,,
9/7/2021 13:45,0,,,
9/7/2021 13:30,0,,,
9/7/2021 13:15,0,,,
9/7/2021 13:00,0,,,
9/7/2021 12:45,0,,,
9/7/2021 12:30,0,,,
9/7/2021 12:15,0,,,
9/7/2021 12:00,0,,,
9/7/2021 11:45,0,,,
9/7/2021 11:30,0,,,
9/7/2021 11:15,0,,,
9/7/2021 11:00,0,,,
9/7/2021 10:45,0,,,
9/7/2021 10:30,0,,,
9/7/2021 10:15,0,,,
9/7/2021 10:00,0,,,
9/7/2021 9:45,0,,,
9/7/2021 9:30,0,,,
9/7/2021 9:15,0,,,
9/7/2021 9:00,0,,,
9/7/2021 8:45,0,,,
9/7/2021 8:30,0,,,
9/7/2021 8:15,0,,,
9/7/2021 8:00,0,,,
9/7/2021 7:45,0,,,
9/7/2021 7:30,0,,,
9/7/2021 7:15,0,,,
9/7/2021 7:00,0,,,
9/7/2021 6:45,0,,,
9/7/2021 6:30,0,,,
9/7/2021 6:15,0,,,
9/7/2021 6:00,0,,,
9/7/2021 5:45,0,,,
9/7/2021 5:30,0,,,
9/7/2021 5:15,0,,,
9/7/2021 5:00,0,,,
9/7/2021 4:45,0,,,
9/7/2021 4:30,0,,,
9/7/2021 4:15,0,,,
9/7/2021 4:00,0,,,
9/7/2021 3:45,0,,,
9/7/2021 3:30,0,,,
9/7/2021 3:15,0,,,
9/7/2021 3:00,0,,,
9/7/2021 2:45,0,,,
9/7/2021 2:30,0,,,
9/7/2021 2:15,0,,,
9/7/2021 2:00,0,,,
9/7/2021 1:45,0,,,
9/7/2021 1:30,0,,,
9/7/2021 1:15,0,,,
9/7/2021 1:00,0,,,
9/7/2021 0:45,0,,,
9/7/2021 0:30,0,,,
9/7/2021 0:15,0,,,
9/7/2021 0:00,0,,,
9/6/2021 23:45,0,,,
9/6/2021 23:30,0,,,
9/6/2021 23:15,0,,,
9/6/2021 23:00,0,,,
9/6/2021 22:45,0,,,
9/6/2021 22:30,0,,,
9/6/2021 22:15,0,,,
9/6/2021 22:00,0,,,
9/6/2021 21:45,0,,,
9/6/2021 21:30,0,,,
9/6/2021 21:15,0,,,
9/6/2021 21:00,0,,,
9/6/2021 20:45,0,,,
9/6/2021 20:30,0,,,
9/6/2021 20:15,0,,,
9/6/2021 20:00,0,,,
9/6/2021 19:45,0,,,
9/6/2021 19:30,0,,,
9/6/2021 19:15,0,,,
9/6/2021 19:00,0,,,
9/6/2021 18:45,0,,,
9/6/2021 18:30,0,,,
9/6/2021 18:15,0,,,
9/6/2021 18:00,0,,,
9/6/2021 17:45,0,,,
9/6/2021 17:30,0,,,
9/6/2021 17:15,0,,,
9/6/2021 17:00,0,,,
9/6/2021 16:45,0,,,
9/6/2021 16:30,0,,,
9/6/2021 16:15,0,,,
9/6/2021 16:00,0,,,
9/6/2021 15:45,0,,,
9/6/2021 15:30,0,,,
9/6/2021 15:15,0,,,
9/6/2021 15:00,0,,,
9/6/2021 14:45,0,,,
9/6/2021 14:30,0,,,
9/6/2021 14:15,0,,,
9/6/2021 14:00,0,,,
9/6/2021 13:45,0,,,
9/6/2021 13:30,0,,,
9/6/2021 13:15,0,,,
9/6/2021 13:00,0,,,
9/6/2021 12:45,0,,,
9/6/2021 12:30,0,,,
9/6/2021 12:15,0,,,
9/6/2021 12:00,0,,,
9/6/2021 11:45,0,,,
9/6/2021 11:30,0,,,
9/6/2021 11:15,0,,,
9/6/2021 11:00,0,,,
9/6/2021 10:45,0,,,
9/6/2021 10:30,0,,,
9/6/2021 10:15,0,,,
9/6/2021 10:00,0,,,
9/6/2021 9:45,0,,,
9/6/2021 9:30,0,,,
9/6/2021 9:15,0,,,
9/6/2021 9:00,0,,,
9/6/2021 8:45,0,,,
9/6/2021 8:30,0,,,
9/6/2021 8:15,0,,,
9/6/2021 8:00,0,,,
9/6/2021 7:45,0,,,
9/6/2021 7:30,0,,,
9/6/2021 7:15,0,,,
9/6/2021 7:00,0,,,
9/6/2021 6:45,0,,,
9/6/2021 6:30,0,,,
9/6/2021 6:15,0,,,
9/6/2021 6:00,0,,,
9/6/2021 5:45,0,,,
9/6/2021 5:30,0,,,
9/6/2021 5:15,0,,,
9/6/2021 5:00,0,,,
9/6/2021 4:45,0,,,
9/6/2021 4:30,0,,,
9/6/2021 4:15,0,,,
9/6/2021 4:00,0,,,
9/6/2021 3:45,0,,,
9/6/2021 3:30,0,,,
9/6/2021 3:15,0,,,
9/6/2021 3:00,0,,,
9/6/2021 2:45,0,,,
9/6/2021 2:30,0,,,
9/6/2021 2:15,0,,,
9/6/2021 2:00,0,,,
9/6/2021 1:45,0,,,
9/6/2021 1:30,0,,,
9/6/2021 1:15,0,,,
9/6/2021 1:00,0,,,
9/6/2021 0:45,0,,,
9/6/2021 0:30,0,,,
9/6/2021 0:15,0,,,
9/6/2021 0:00,0,,,
9/5/2021 23:45,0,,,
9/5/2021 23:30,0,,,
9/5/2021 23:15,0,,,
9/5/2021 23:00,0,,,
9/5/2021 22:45,0,,,
9/5/2021 22:30,0,,,
9/5/2021 22:15,0,,,
9/5/2021 22:00,0,,,
9/5/2021 21:45,0,,,
9/5/2021 21:30,0,,,
9/5/2021 21:15,0,,,
9/5/2021 21:00,0,,,
9/5/2021 20:45,0,,,
9/5/2021 20:30,0,,,
9/5/2021 20:15,0,,,
9/5/2021 20:00,0,,,
9/5/2021 19:45,0,,,
9/5/2021 19:30,0,,,
9/5/2021 19:15,0,,,
9/5/2021 19:00,0,,,
9/5/2021 18:45,0,,,
9/5/2021 18:30,0,,,
9/5/2021 18:15,0,,,
9/5/2021 18:00,0,,,
9/5/2021 17:45,0,,,
9/5/2021 17:30,0,,,
9/5/2021 17:15,0,,,
9/5/2021 17:00,0,,,
9/5/2021 16:45,0,,,
9/5/2021 16:30,0,,,
9/5/2021 16:15,0,,,
9/5/2021 16:00,0,,,
9/5/2021 15:45,0,,,
9/5/2021 15:30,0,,,
9/5/2021 15:15,0,,,
9/5/2021 15:00,0,,,
9/5/2021 14:45,0,,,
9/5/2021 14:30,0,,,
9/5/2021 14:15,0,,,
9/5/2021 14:00,0,,,
9/5/2021 13:45,0,,,
9/5/2021 13:30,0,,,
9/5/2021 13:15,0,,,
9/5/2021 13:00,0,,,
9/5/2021 12:45,0,,,
9/5/2021 12:30,0,,,
9/5/2021 12:15,0,,,
9/5/2021 12:00,0,,,
9/5/2021 11:45,0,,,
9/5/2021 11:30,0,,,
9/5/2021 11:15,0,,,
9/5/2021 11:00,0,,,
9/5/2021 10:45,0,,,
9/5/2021 10:30,0,,,
9/5/2021 10:15,0,,,
9/5/2021 10:00,0,,,
9/5/2021 9:45,0,,,
9/5/2021 9:30,0,,,
9/5/2021 9:15,0,,,
9/5/2021 9:00,0,,,
9/5/2021 8:45,0,,,
9/5/2021 8:30,0,,,
9/5/2021 8:15,0,,,
9/5/2021 8:00,0,,,
9/5/2021 7:45,0,,,
9/5/2021 7:30,0,,,
9/5/2021 7:15,0,,,
9/5/2021 7:00,0,,,
9/5/2021 6:45,0,,,
9/5/2021 6:30,0,,,
9/5/2021 6:15,0,,,
9/5/2021 6:00,0,,,
9/5/2021 5:45,0,,,
9/5/2021 5:30,0,,,
9/5/2021 5:15,0,,,
9/5/2021 5:00,0,,,
9/5/2021 4:45,0,,,
9/5/2021 4:30,0,,,
9/5/2021 4:15,0,,,
9/5/2021 4:00,0,,,
9/5/2021 3:45,0,,,
9/5/2021 3:30,0,,,
9/5/2021 3:15,0,,,
9/5/2021 3:00,0,,,
9/5/2021 2:45,0,,,
9/5/2021 2:30,0,,,
9/5/2021 2:15,0,,,
9/5/2021 2:00,0,,,
9/5/2021 1:45,0,,,
9/5/2021 1:30,0,,,
9/5/2021 1:15,0,,,
9/5/2021 1:00,0,,,
9/5/2021 0:45,0,,,
9/5/2021 0:30,0,,,
9/5/2021 0:15,0,,,
9/5/2021 0:00,0,,,
9/4/2021 23:45,0,,,
9/4/2021 23:30,0,,,
9/4/2021 23:15,0,,,
9/4/2021 23:00,0,,,
9/4/2021 22:45,0,,,
9/4/2021 22:30,0,,,
9/4/2021 22:15,0,,,
9/4/2021 22:00,0,,,
9/4/2021 21:45,0,,,
9/4/2021 21:30,0,,,
9/4/2021 21:15,0,,,
9/4/2021 21:00,0,,,
9/4/2021 20:45,0,,,
9/4/2021 20:30,0,,,
9/4/2021 20:15,0,,,
9/4/2021 20:00,0,,,
9/4/2021 19:45,0,,,
9/4/2021 19:30,0,,,
9/4/2021 19:15,0,,,
9/4/2021 19:00,0,,,
9/4/2021 18:45,0,,,
9/4/2021 18:30,0,,,
9/4/2021 18:15,0,,,
9/4/2021 18:00,0,,,
9/4/2021 17:45,0,,,
9/4/2021 17:30,0,,,
9/4/2021 17:15,0,,,
9/4/2021 17:00,0,,,
9/4/2021 16:45,0,,,
9/4/2021 16:30,0,,,
9/4/2021 16:15,0,,,
9/4/2021 16:00,0,,,
9/4/2021 15:45,0,,,
9/4/2021 15:30,0,,,
9/4/2021 15:15,0,,,
9/4/2021 15:00,0,,,
9/4/2021 14:45,0,,,
9/4/2021 14:30,0,,,
9/4/2021 14:15,0,,,
9/4/2021 14:00,0,,,
9/4/2021 13:45,0,,,
9/4/2021 13:30,0,,,
9/4/2021 13:15,0,,,
9/4/2021 13:00,0,,,
9/4/2021 12:45,0,,,
9/4/2021 12:30,0,,,
9/4/2021 12:15,0,,,
9/4/2021 12:00,0,,,
9/4/2021 11:45,0,,,
9/4/2021 11:30,0,,,
9/4/2021 11:15,0,,,
9/4/2021 11:00,0,,,
9/4/2021 10:45,0,,,
9/4/2021 10:30,0,,,
9/4/2021 10:15,0,,,
9/4/2021 10:00,0,,,
9/4/2021 9:45,0,,,
9/4/2021 9:30,0,,,
9/4/2021 9:15,0,,,
9/4/2021 9:00,0,,,
9/4/2021 8:45,0,,,
9/4/2021 8:30,0,,,
9/4/2021 8:15,0,,,
9/4/2021 8:00,0,,,
9/4/2021 7:45,0,,,
9/4/2021 7:30,0,,,
9/4/2021 7:15,0,,,
9/4/2021 7:00,0,,,
9/4/2021 6:45,0,,,
9/4/2021 6:30,0,,,
9/4/2021 6:15,0,,,
9/4/2021 6:00,0,,,
9/4/2021 5:45,0,,,
9/4/2021 5:30,0,,,
9/4/2021 5:15,0,,,
9/4/2021 5:00,0,,,
9/4/2021 4:45,0,,,
9/4/2021 4:30,0,,,
9/4/2021 4:15,0,,,
9/4/2021 4:00,0,,,
9/4/2021 3:45,0,,,
9/4/2021 3:30,0,,,
9/4/2021 3:15,0,,,
9/4/2021 3:00,0,,,
9/4/2021 2:45,0,,,
9/4/2021 2:30,0,,,
9/4/2021 2:15,0,,,
9/4/2021 2:00,0,,,
9/4/2021 1:45,0,,,
9/4/2021 1:30,0,,,
9/4/2021 1:15,0,,,
9/4/2021 1:00,0,,,
9/4/2021 0:45,0,,,
9/4/2021 0:30,0,,,
9/4/2021 0:15,0,,,
9/4/2021 0:00,0,,,
9/3/2021 23:45,0,,,
9/3/2021 23:30,0,,,
9/3/2021 23:15,0,,,
9/3/2021 23:00,0,,,
9/3/2021 22:45,0,,,
9/3/2021 22:30,0,,,
9/3/2021 22:15,0,,,
9/3/2021 22:00,0,,,
9/3/2021 21:45,0,,,
9/3/2021 21:30,0,,,
9/3/2021 21:15,0,,,
9/3/2021 21:00,0,,,
9/3/2021 20:45,0,,,
9/3/2021 20:30,0,,,
9/3/2021 20:15,0,,,
9/3/2021 20:00,0,,,
9/3/2021 19:45,0,,,
9/3/2021 19:30,0,,,
9/3/2021 19:15,0,,,
9/3/2021 19:00,0,,,
9/3/2021 18:45,0,,,
9/3/2021 18:30,0,,,
9/3/2021 18:15,0,,,
9/3/2021 18:00,0,,,
9/3/2021 17:45,0,,,
9/3/2021 17:30,0,,,
9/3/2021 17:15,0,,,
9/3/2021 17:00,0,,,
9/3/2021 16:45,0,,,
9/3/2021 16:30,0,,,
9/3/2021 16:15,0,,,
9/3/2021 16:00,0,,,
9/3/2021 15:45,0,,,
9/3/2021 15:30,0,,,
9/3/2021 15:15,0,,,
9/3/2021 15:00,0,,,
9/3/2021 14:45,0,,,
9/3/2021 14:30,0,,,
9/3/2021 14:15,0,,,
9/3/2021 14:00,0,,,
9/3/2021 13:45,0,,,
9/3/2021 13:30,0,,,
9/3/2021 13:15,0,,,
9/3/2021 13:00,0,,,
9/3/2021 12:45,0,,,
9/3/2021 12:30,0,,,
9/3/2021 12:15,0,,,
9/3/2021 12:00,0,,,
9/3/2021 11:45,0,,,
9/3/2021 11:30,0,,,
9/3/2021 11:15,0,,,
9/3/2021 11:00,0,,,
9/3/2021 10:45,0,,,
9/3/2021 10:30,0,,,
9/3/2021 10:15,0,,,
9/3/2021 10:00,0,,,
9/3/2021 9:45,0,,,
9/3/2021 9:30,0,,,
9/3/2021 9:15,0,,,
9/3/2021 9:00,0,,,
9/3/2021 8:45,0,,,
9/3/2021 8:30,0,,,
9/3/2021 8:15,0,,,
9/3/2021 8:00,0,,,
9/3/2021 7:45,0,,,
9/3/2021 7:30,0,,,
9/3/2021 7:15,0,,,
9/3/2021 7:00,0,,,
9/3/2021 6:45,0,,,
9/3/2021 6:30,0,,,
9/3/2021 6:15,0,,,
9/3/2021 6:00,0,,,
9/3/2021 5:45,0,,,
9/3/2021 5:30,0,,,
9/3/2021 5:15,0,,,
9/3/2021 5:00,0,,,
9/3/2021 4:45,0,,,
9/3/2021 4:30,0,,,
9/3/2021 4:15,0,,,
9/3/2021 4:00,0,,,
9/3/2021 3:45,0,,,
9/3/2021 3:30,0,,,
9/3/2021 3:15,0,,,
9/3/2021 3:00,0,,,
9/3/2021 2:45,0,,,
9/3/2021 2:30,0,,,
9/3/2021 2:15,0,,,
9/3/2021 2:00,0,,,
9/3/2021 1:45,0,,,
9/3/2021 1:30,0,,,
9/3/2021 1:15,0,,,
9/3/2021 1:00,0,,,
9/3/2021 0:45,0,,,
9/3/2021 0:30,0,,,
9/3/2021 0:15,0,,,
9/3/2021 0:00,0,,,
9/2/2021 23:45,0,,,
9/2/2021 23:30,0,,,
9/2/2021 23:15,0,,,
9/2/2021 23:00,0,,,
9/2/2021 22:45,0,,,
9/2/2021 22:30,0,,,
9/2/2021 22:15,0,,,
9/2/2021 22:00,0,,,
9/2/2021 21:45,0,,,
9/2/2021 21:30,0,,,
9/2/2021 21:15,0,,,
9/2/2021 21:00,0,,,
9/2/2021 20:45,0,,,
9/2/2021 20:30,0,,,
9/2/2021 20:15,0,,,
9/2/2021 20:00,0,,,
9/2/2021 19:45,0,,,
9/2/2021 19:30,0,,,
9/2/2021 19:15,0,,,
9/2/2021 19:00,0,,,
9/2/2021 18:45,0,,,
9/2/2021 18:30,0,,,
9/2/2021 18:15,0,,,
9/2/2021 18:00,0,,,
9/2/2021 17:45,0,,,
9/2/2021 17:30,0,,,
9/2/2021 17:15,0,,,
9/2/2021 17:00,0,,,
9/2/2021 16:45,0,,,
9/2/2021 16:30,0,,,
9/2/2021 16:15,0,,,
9/2/2021 16:00,0,,,
9/2/2021 15:45,0,,,
9/2/2021 15:30,0,,,
9/2/2021 15:15,0,,,
9/2/2021 15:00,0,,,
9/2/2021 14:45,0,,,
9/2/2021 14:30,0,,,
9/2/2021 14:15,0,,,
9/2/2021 14:00,0,,,
9/2/2021 13:45,0,,,
9/2/2021 13:30,0,,,
9/2/2021 13:15,0,,,
9/2/2021 13:00,0,,,
9/2/2021 12:45,0,,,
9/2/2021 12:30,0,,,
9/2/2021 12:15,0,,,
9/2/2021 12:00,0,,,
9/2/2021 11:45,0,,,
9/2/2021 11:30,0,,,
9/2/2021 11:15,0,,,
9/2/2021 11:00,0,,,
9/2/2021 10:45,0,,,
9/2/2021 10:30,0,,,
9/2/2021 10:15,0,,,
9/2/2021 10:00,0,,,
9/2/2021 9:45,0,,,
9/2/2021 9:30,0,,,
9/2/2021 9:15,0,,,
9/2/2021 9:00,0,,,
9/2/2021 8:45,0,,,
9/2/2021 8:30,0,,,
9/2/2021 8:15,0,,,
9/2/2021 8:00,0,,,
9/2/2021 7:45,0,,,
9/2/2021 7:30,0,,,
9/2/2021 7:15,0,,,
9/2/2021 7:00,0,,,
9/2/2021 6:45,0,,,
9/2/2021 6:30,0,,,
9/2/2021 6:15,0,,,
9/2/2021 6:00,0,,,
9/2/2021 5:45,0,,,
9/2/2021 5:30,0,,,
9/2/2021 5:15,0,,,
9/2/2021 5:00,0,,,
9/2/2021 4:45,0,,,
9/2/2021 4:30,0,,,
9/2/2021 4:15,0,,,
9/2/2021 4:00,0,,,
9/2/2021 3:45,0,,,
9/2/2021 3:30,0,,,
9/2/2021 3:15,0,,,
9/2/2021 3:00,0,,,
9/2/2021 2:45,0,,,
9/2/2021 2:30,0,,,
9/2/2021 2:15,0,,,
9/2/2021 2:00,0,,,
9/2/2021 1:45,0,,,
9/2/2021 1:30,0,,,
9/2/2021 1:15,0,,,
9/2/2021 1:00,0,,,
9/2/2021 0:45,0,,,
9/2/2021 0:30,0,,,
9/2/2021 0:15,0,,,
9/2/2021 0:00,0,,,
9/1/2021 23:45,0,,,
9/1/2021 23:30,0,,,
9/1/2021 23:15,0,,,
9/1/2021 23:00,0,,,
9/1/2021 22:45,0,,,
9/1/2021 22:30,0,,,
9/1/2021 22:15,0,,,
9/1/2021 22:00,0,,,
9/1/2021 21:45,0,,,
9/1/2021 21:30,0,,,
9/1/2021 21:15,0,,,
9/1/2021 21:00,0,,,
9/1/2021 20:45,0,,,
9/1/2021 20:30,0,,,
9/1/2021 20:15,0,,,
9/1/2021 20:00,0,,,
9/1/2021 19:45,0,,,
9/1/2021 19:30,0,,,
9/1/2021 19:15,0,,,
9/1/2021 19:00,0,,,
9/1/2021 18:45,0,,,
9/1/2021 18:30,0,,,
9/1/2021 18:15,0,,,
9/1/2021 18:00,0,,,
9/1/2021 17:45,0,,,
9/1/2021 17:30,0,,,
9/1/2021 17:15,0,,,
9/1/2021 17:00,0,,,
9/1/2021 16:45,0,,,
9/1/2021 16:30,0,,,
9/1/2021 16:15,0,,,
9/1/2021 16:00,0,,,
9/1/2021 15:45,0,,,
9/1/2021 15:30,0,,,
9/1/2021 15:15,0,,,
9/1/2021 15:00,0,,,
9/1/2021 14:45,0,,,
9/1/2021 14:30,0,,,
9/1/2021 14:15,0,,,
9/1/2021 14:00,0,,,
9/1/2021 13:45,0,,,
9/1/2021 13:30,0,,,
9/1/2021 13:15,0,,,
9/1/2021 13:00,0,,,
9/1/2021 12:45,0,,,
9/1/2021 12:30,0,,,
9/1/2021 12:15,0,,,
9/1/2021 12:00,0,,,
9/1/2021 11:45,0,,,
9/1/2021 11:30,0,,,
9/1/2021 11:15,0,,,
9/1/2021 11:00,0,,,
9/1/2021 10:45,0,,,
9/1/2021 10:30,0,,,
9/1/2021 10:15,0,,,
9/1/2021 10:00,0,,,
9/1/2021 9:45,0,,,
9/1/2021 9:30,0,,,
9/1/2021 9:15,0,,,
9/1/2021 9:00,0,,,
9/1/2021 8:45,0,,,
9/1/2021 8:30,0,,,
9/1/2021 8:15,0,,,
9/1/2021 8:00,0,,,
9/1/2021 7:45,0,,,
9/1/2021 7:30,0,,,
9/1/2021 7:15,0,,,
9/1/2021 7:00,0,,,
9/1/2021 6:45,0,,,
9/1/2021 6:30,0,,,
9/1/2021 6:15,0,,,
9/1/2021 6:00,0,,,
9/1/2021 5:45,0,,,
9/1/2021 5:30,0,,,
9/1/2021 5:15,0,,,
9/1/2021 5:00,0,,,
9/1/2021 4:45,0,,,
9/1/2021 4:30,0,,,
9/1/2021 4:15,0,,,
9/1/2021 4:00,0,,,
9/1/2021 3:45,0,,,
9/1/2021 3:30,0,,,
9/1/2021 3:15,0,,,
9/1/2021 3:00,0,,,
9/1/2021 2:45,0,,,
9/1/2021 2:30,0,,,
9/1/2021 2:15,0,,,
9/1/2021 2:00,0,,,
9/1/2021 1:45,0,,,
9/1/2021 1:30,0,,,
9/1/2021 1:15,0,,,
9/1/2021 1:00,0,,,
9/1/2021 0:45,0,,,
9/1/2021 0:30,0,,,
9/1/2021 0:15,0,,,
9/1/2021 0:00,0,,,
8/31/2021 23:45,0,,,
8/31/2021 23:30,0,,,
8/31/2021 23:15,0,,,
8/31/2021 23:00,0,,,
8/31/2021 22:45,0,,,
8/31/2021 22:30,0,,,
8/31/2021 22:15,0,,,
8/31/2021 22:00,0,,,
8/31/2021 21:45,0,,,
8/31/2021 21:30,0,,,
8/31/2021 21:15,0,,,
8/31/2021 21:00,0,,,
8/31/2021 20:45,0,,,
8/31/2021 20:30,0,,,
8/31/2021 20:15,0,,,
8/31/2021 20:00,0,,,
8/31/2021 19:45,0,,,
8/31/2021 19:30,0,,,
8/31/2021 19:15,0,,,
8/31/2021 19:00,0,,,
8/31/2021 18:45,0,,,
8/31/2021 18:30,0,,,
8/31/2021 18:15,0,,,
8/31/2021 18:00,0,,,
8/31/2021 17:45,0,,,
8/31/2021 17:30,0,,,
8/31/2021 17:15,0,,,
8/31/2021 17:00,0,,,
8/31/2021 16:45,0,,,
8/31/2021 16:30,0,,,
8/31/2021 16:15,0,,,
8/31/2021 16:00,0,,,
8/31/2021 15:45,0,,,
8/31/2021 15:30,0,,,
8/31/2021 15:15,0,,,
8/31/2021 15:00,0,,,
8/31/2021 14:45,0,,,
8/31/2021 14:30,0,,,
8/31/2021 14:15,0,,,
8/31/2021 14:00,0,,,
8/31/2021 13:45,0,,,
8/31/2021 13:30,0,,,
8/31/2021 13:15,0,,,
8/31/2021 13:00,0,,,
8/31/2021 12:45,0,,,
8/31/2021 12:30,0,,,
8/31/2021 12:15,0,,,
8/31/2021 12:00,0,,,
8/31/2021 11:45,0,,,
8/31/2021 11:30,0,,,
8/31/2021 11:15,0,,,
8/31/2021 11:00,0,,,
8/31/2021 10:45,0,,,
8/31/2021 10:30,0,,,
8/31/2021 10:15,0,,,
8/31/2021 10:00,0,,,
8/31/2021 9:45,0,,,
8/31/2021 9:30,0,,,
8/31/2021 9:15,0,,,
8/31/2021 9:00,0,,,
8/31/2021 8:45,0,,,
8/31/2021 8:30,0,,,
8/31/2021 8:15,0,,,
8/31/2021 8:00,0,,,
8/31/2021 7:45,0,,,
8/31/2021 7:30,0,,,
8/31/2021 7:15,0,,,
8/31/2021 7:00,0,,,
8/31/2021 6:45,0,,,
8/31/2021 6:30,0,,,
8/31/2021 6:15,0,,,
8/31/2021 6:00,0,,,
8/31/2021 5:45,0,,,
8/31/2021 5:30,0,,,
8/31/2021 5:15,0,,,
8/31/2021 5:00,0,,,
8/31/2021 4:45,0,,,
8/31/2021 4:30,0,,,
8/31/2021 4:15,0,,,
8/31/2021 4:00,0,,,
8/31/2021 3:45,0,,,
8/31/2021 3:30,0,,,
8/31/2021 3:15,0,,,
8/31/2021 3:00,0,,,
8/31/2021 2:45,0,,,
8/31/2021 2:30,0,,,
8/31/2021 2:15,0,,,
8/31/2021 2:00,0,,,
8/31/2021 1:45,0,,,
8/31/2021 1:30,0,,,
8/31/2021 1:15,0,,,
8/31/2021 1:00,0,,,
8/31/2021 0:45,0,,,
8/31/2021 0:30,0,,,
8/31/2021 0:15,0,,,
8/31/2021 0:00,0,,,
8/30/2021 23:45,0,,,
8/30/2021 23:30,0,,,
8/30/2021 23:15,0,,,
8/30/2021 23:00,0,,,
8/30/2021 22:45,0,,,
8/30/2021 22:30,0,,,
8/30/2021 22:15,0,,,
8/30/2021 22:00,0,,,
8/30/2021 21:45,0,,,
8/30/2021 21:30,0,,,
8/30/2021 21:15,0,,,
8/30/2021 21:00,0,,,
8/30/2021 20:45,0,,,
8/30/2021 20:30,0,,,
8/30/2021 20:15,0,,,
8/30/2021 20:00,0,,,
8/30/2021 19:45,0,,,
8/30/2021 19:30,0,,,
8/30/2021 19:15,0,,,
8/30/2021 19:00,0,,,
8/30/2021 18:45,0,,,
8/30/2021 18:30,0,,,
8/30/2021 18:15,0,,,
8/30/2021 18:00,0,,,
8/30/2021 17:45,0,,,
8/30/2021 17:30,0,,,
8/30/2021 17:15,0,,,
8/30/2021 17:00,0,,,
8/30/2021 16:45,0,,,
8/30/2021 16:30,0,,,
8/30/2021 16:15,0,,,
8/30/2021 16:00,0,,,
8/30/2021 15:45,0,,,
8/30/2021 15:30,0,,,
8/30/2021 15:15,0,,,
8/30/2021 15:00,0,,,
8/30/2021 14:45,0,,,
8/30/2021 14:30,0,,,
8/30/2021 14:15,0,,,
8/30/2021 14:00,0,,,
8/30/2021 13:45,0,,,
8/30/2021 13:30,0,,,
8/30/2021 13:15,0,,,
8/30/2021 13:00,0,,,
8/30/2021 12:45,0,,,
8/30/2021 12:30,0,,,
8/30/2021 12:15,0,,,
8/30/2021 12:00,0,,,
8/30/2021 11:45,0,,,
8/30/2021 11:30,0,,,
8/30/2021 11:15,0,,,
8/30/2021 11:00,0,,,
8/30/2021 10:45,0,,,
8/30/2021 10:30,0,,,
8/30/2021 10:15,0,,,
8/30/2021 10:00,0,,,
8/30/2021 9:45,0,,,
8/30/2021 9:30,0,,,
8/30/2021 9:15,0,,,
8/30/2021 9:00,0,,,
8/30/2021 8:45,0,,,
8/30/2021 8:30,0,,,
8/30/2021 8:15,0,,,
8/30/2021 8:00,0,,,
8/30/2021 7:45,0,,,
8/30/2021 7:30,0,,,
8/30/2021 7:15,0,,,
8/30/2021 7:00,0,,,
8/30/2021 6:45,0,,,
8/30/2021 6:30,0,,,
8/30/2021 6:15,0,,,
8/30/2021 6:00,0,,,
8/30/2021 5:45,0,,,
8/30/2021 5:30,0,,,
8/30/2021 5:15,0,,,
8/30/2021 5:00,0,,,
8/30/2021 4:45,0,,,
8/30/2021 4:30,0,,,
8/30/2021 4:15,0,,,
8/30/2021 4:00,0,,,
8/30/2021 3:45,0,,,
8/30/2021 3:30,0,,,
8/30/2021 3:15,0,,,
8/30/2021 3:00,0,,,
8/30/2021 2:45,0,,,
8/30/2021 2:30,0,,,
8/30/2021 2:15,0,,,
8/30/2021 2:00,0,,,
8/30/2021 1:45,0,,,
8/30/2021 1:30,0,,,
8/30/2021 1:15,0,,,
8/30/2021 1:00,0,,,
8/30/2021 0:45,0,,,
8/30/2021 0:30,0,,,
8/30/2021 0:15,0,,,
8/30/2021 0:00,0,,,
8/29/2021 23:45,0,,,
8/29/2021 23:30,0,,,
8/29/2021 23:15,0,,,
8/29/2021 23:00,0,,,
8/29/2021 22:45,0,,,
8/29/2021 22:30,0,,,
8/29/2021 22:15,0,,,
8/29/2021 22:00,0,,,
8/29/2021 21:45,0,,,
8/29/2021 21:30,0,,,
8/29/2021 21:15,0,,,
8/29/2021 21:00,0,,,
8/29/2021 20:45,0,,,
8/29/2021 20:30,0,,,
8/29/2021 20:15,0,,,
8/29/2021 20:00,0,,,
8/29/2021 19:45,0,,,
8/29/2021 19:30,0,,,
8/29/2021 19:15,0,,,
8/29/2021 19:00,0,,,
8/29/2021 18:45,0,,,
8/29/2021 18:30,0,,,
8/29/2021 18:15,0,,,
8/29/2021 18:00,0,,,
8/29/2021 17:45,0,,,
8/29/2021 17:30,0,,,
8/29/2021 17:15,0,,,
8/29/2021 17:00,0,,,
8/29/2021 16:45,0,,,
8/29/2021 16:30,0,,,
8/29/2021 16:15,0,,,
8/29/2021 16:00,0,,,
8/29/2021 15:45,0,,,
8/29/2021 15:30,0,,,
8/29/2021 15:15,0,,,
8/29/2021 15:00,0,,,
8/29/2021 14:45,0,,,
8/29/2021 14:30,0,,,
8/29/2021 14:15,0,,,
8/29/2021 14:00,0,,,
8/29/2021 13:45,0,,,
8/29/2021 13:30,0,,,
8/29/2021 13:15,0,,,
8/29/2021 13:00,0,,,
8/29/2021 12:45,0,,,
8/29/2021 12:30,0,,,
8/29/2021 12:15,0,,,
8/29/2021 12:00,0,,,
8/29/2021 11:45,0,,,
8/29/2021 11:30,0,,,
8/29/2021 11:15,0,,,
8/29/2021 11:00,0,,,
8/29/2021 10:45,0,,,
8/29/2021 10:30,0,,,
8/29/2021 10:15,0,,,
8/29/2021 10:00,0,,,
8/29/2021 9:45,0,,,
8/29/2021 9:30,0,,,
8/29/2021 9:15,0,,,
8/29/2021 9:00,0,,,
8/29/2021 8:45,0,,,
8/29/2021 8:30,0,,,
8/29/2021 8:15,0,,,
8/29/2021 8:00,0,,,
8/29/2021 7:45,0,,,
8/29/2021 7:30,0,,,
8/29/2021 7:15,0,,,
8/29/2021 7:00,0,,,
8/29/2021 6:45,0,,,
8/29/2021 6:30,0,,,
8/29/2021 6:15,0,,,
8/29/2021 6:00,0,,,
8/29/2021 5:45,0,,,
8/29/2021 5:30,0,,,
8/29/2021 5:15,0,,,
8/29/2021 5:00,0,,,
8/29/2021 4:45,0,,,
8/29/2021 4:30,0,,,
8/29/2021 4:15,0,,,
8/29/2021 4:00,0,,,
8/29/2021 3:45,0,,,
8/29/2021 3:30,0,,,
8/29/2021 3:15,0,,,
8/29/2021 3:00,0,,,
8/29/2021 2:45,0,,,
8/29/2021 2:30,0,,,
8/29/2021 2:15,0,,,
8/29/2021 2:00,0,,,
8/29/2021 1:45,0,,,
8/29/2021 1:30,0,,,
8/29/2021 1:15,0,,,
8/29/2021 1:00,0,,,
8/29/2021 0:45,0,,,
8/29/2021 0:30,0,,,
8/29/2021 0:15,0,,,
8/29/2021 0:00,0,,,
8/28/2021 23:45,0,,,
8/28/2021 23:30,0,,,
8/28/2021 23:15,0,,,
8/28/2021 23:00,0,,,
8/28/2021 22:45,0,,,
8/28/2021 22:30,0,,,
8/28/2021 22:15,0,,,
8/28/2021 22:00,0,,,
8/28/2021 21:45,0,,,
8/28/2021 21:30,0,,,
8/28/2021 21:15,0,,,
8/28/2021 21:00,0,,,
8/28/2021 20:45,0,,,
8/28/2021 20:30,0,,,
8/28/2021 20:15,0,,,
8/28/2021 20:00,0,,,
8/28/2021 19:45,0,,,
8/28/2021 19:30,0,,,
8/28/2021 19:15,0,,,
8/28/2021 19:00,0,,,
8/28/2021 18:45,0,,,
8/28/2021 18:30,0,,,
8/28/2021 18:15,0,,,
8/28/2021 18:00,0,,,
8/28/2021 17:45,0,,,
8/28/2021 17:30,0,,,
8/28/2021 17:15,0,,,
8/28/2021 17:00,0,,,
8/28/2021 16:45,0,,,
8/28/2021 16:30,0,,,
8/28/2021 16:15,0,,,
8/28/2021 16:00,0,,,
8/28/2021 15:45,0,,,
8/28/2021 15:30,0,,,
8/28/2021 15:15,0,,,
8/28/2021 15:00,0,,,
8/28/2021 14:45,0,,,
8/28/2021 14:30,0,,,
8/28/2021 14:15,0,,,
8/28/2021 14:00,0,,,
8/28/2021 13:45,0,,,
8/28/2021 13:30,0,,,
8/28/2021 13:15,0,,,
8/28/2021 13:00,0,,,
8/28/2021 12:45,0,,,
8/28/2021 12:30,0,,,
8/28/2021 12:15,0,,,
8/28/2021 12:00,0,,,
8/28/2021 11:45,0,,,
8/28/2021 11:30,0,,,
8/28/2021 11:15,0,,,
8/28/2021 11:00,0,,,
8/28/2021 10:45,0,,,
8/28/2021 10:30,0,,,
8/28/2021 10:15,0,,,
8/28/2021 10:00,0,,,
8/28/2021 9:45,0,,,
8/28/2021 9:30,0,,,
8/28/2021 9:15,0,,,
8/28/2021 9:00,0,,,
8/28/2021 8:45,0,,,
8/28/2021 8:30,0,,,
8/28/2021 8:15,0,,,
8/28/2021 8:00,0,,,
8/28/2021 7:45,0,,,
8/28/2021 7:30,0,,,
8/28/2021 7:15,0,,,
8/28/2021 7:00,0,,,
8/28/2021 6:45,0,,,
8/28/2021 6:30,0,,,
8/28/2021 6:15,0,,,
8/28/2021 6:00,0,,,
8/28/2021 5:45,0,,,
8/28/2021 5:30,0,,,
8/28/2021 5:15,0,,,
8/28/2021 5:00,0,,,
8/28/2021 4:45,0,,,
8/28/2021 4:30,0,,,
8/28/2021 4:15,0,,,
8/28/2021 4:00,0,,,
8/28/2021 3:45,0,,,
8/28/2021 3:30,0,,,
8/28/2021 3:15,0,,,
8/28/2021 3:00,0,,,
8/28/2021 2:45,0,,,
8/28/2021 2:30,0,,,
8/28/2021 2:15,0,,,
8/28/2021 2:00,0,,,
8/28/2021 1:45,0,,,
8/28/2021 1:30,0,,,
8/28/2021 1:15,0,,,
8/28/2021 1:00,0,,,
8/28/2021 0:45,0,,,
8/28/2021 0:30,0,,,
8/28/2021 0:15,0,,,
8/28/2021 0:00,0,,,
8/27/2021 23:45,0,,,
8/27/2021 23:30,0,,,
8/27/2021 23:15,0,,,
8/27/2021 23:00,0,,,
8/27/2021 22:45,0,,,
8/27/2021 22:30,0,,,
8/27/2021 22:15,0,,,
8/27/2021 22:00,0,,,
8/27/2021 21:45,0,,,
8/27/2021 21:30,0,,,
8/27/2021 21:15,0,,,
8/27/2021 21:00,0,,,
8/27/2021 20:45,0,,,
8/27/2021 20:30,0,,,
8/27/2021 20:15,0,,,
8/27/2021 20:00,0,,,
8/27/2021 19:45,0,,,
8/27/2021 19:30,0,,,
8/27/2021 19:15,0,,,
8/27/2021 19:00,0,,,
8/27/2021 18:45,0,,,
8/27/2021 18:30,0,,,
8/27/2021 18:15,0,,,
8/27/2021 18:00,0,,,
8/27/2021 17:45,0,,,
8/27/2021 17:30,0,,,
8/27/2021 17:15,0,,,
8/27/2021 17:00,0,,,
8/27/2021 16:45,0,,,
8/27/2021 16:30,0,,,
8/27/2021 16:15,0,,,
8/27/2021 16:00,0,,,
8/27/2021 15:45,0,,,
8/27/2021 15:30,0,,,
8/27/2021 15:15,0,,,
8/27/2021 15:00,0,,,
8/27/2021 14:45,0,,,
8/27/2021 14:30,0,,,
8/27/2021 14:15,0,,,
8/27/2021 14:00,0,,,
8/27/2021 13:45,0,,,
8/27/2021 13:30,0,,,
8/27/2021 13:15,0,,,
8/27/2021 13:00,0,,,
8/27/2021 12:45,0,,,
8/27/2021 12:30,0,,,
8/27/2021 12:15,0,,,
8/27/2021 12:00,0,,,
8/27/2021 11:45,0,,,
8/27/2021 11:30,0,,,
8/27/2021 11:15,0,,,
8/27/2021 11:00,0,,,
8/27/2021 10:45,0,,,
8/27/2021 10:30,0,,,
8/27/2021 10:15,0,,,
8/27/2021 10:00,0,,,
8/27/2021 9:45,0,,,
8/27/2021 9:30,0,,,
8/27/2021 9:15,0,,,
8/27/2021 9:00,0,,,
8/27/2021 8:45,0,,,
8/27/2021 8:30,0,,,
8/27/2021 8:15,0,,,
8/27/2021 8:00,0,,,
8/27/2021 7:45,0,,,
8/27/2021 7:30,0,,,
8/27/2021 7:15,0,,,
8/27/2021 7:00,0,,,
8/27/2021 6:45,0,,,
8/27/2021 6:30,0,,,
8/27/2021 6:15,0,,,
8/27/2021 6:00,0,,,
8/27/2021 5:45,0,,,
8/27/2021 5:30,0,,,
8/27/2021 5:15,0,,,
8/27/2021 5:00,0,,,
8/27/2021 4:45,0,,,
8/27/2021 4:30,0,,,
8/27/2021 4:15,0,,,
8/27/2021 4:00,0,,,
8/27/2021 3:45,0,,,
8/27/2021 3:30,0,,,
8/27/2021 3:15,0,,,
8/27/2021 3:00,0,,,
8/27/2021 2:45,0,,,
8/27/2021 2:30,0,,,
8/27/2021 2:15,0,,,
8/27/2021 2:00,0,,,
8/27/2021 1:45,0,,,
8/27/2021 1:30,0,,,
8/27/2021 1:15,0,,,
8/27/2021 1:00,0,,,
8/27/2021 0:45,0,,,
8/27/2021 0:30,0,,,
8/27/2021 0:15,0,,,
8/27/2021 0:00,0,,,
8/26/2021 23:45,0,,,
8/26/2021 23:30,0,,,
8/26/2021 23:15,0,,,
8/26/2021 23:00,0,,,
8/26/2021 22:45,0,,,
8/26/2021 22:30,0,,,
8/26/2021 22:15,0,,,
8/26/2021 22:00,0,,,
8/26/2021 21:45,0,,,
8/26/2021 21:30,0,,,
8/26/2021 21:15,0,,,
8/26/2021 21:00,0,,,
8/26/2021 20:45,0,,,
8/26/2021 20:30,0,,,
8/26/2021 20:15,0,,,
8/26/2021 20:00,0,,,
8/26/2021 19:45,0,,,
8/26/2021 19:30,0,,,
8/26/2021 19:15,0,,,
8/26/2021 19:00,0,,,
8/26/2021 18:45,0,,,
8/26/2021 18:30,0,,,
8/26/2021 18:15,0,,,
8/26/2021 18:00,0,,,
8/26/2021 17:45,0,,,
8/26/2021 17:30,0,,,
8/26/2021 17:15,0,,,
8/26/2021 17:00,0,,,
8/26/2021 16:45,0,,,
8/26/2021 16:30,0,,,
8/26/2021 16:15,0,,,
8/26/2021 16:00,0,,,
8/26/2021 15:45,0,,,
8/26/2021 15:30,0,,,
8/26/2021 15:15,0,,,
8/26/2021 15:00,0,,,
8/26/2021 14:45,0,,,
8/26/2021 14:30,0,,,
8/26/2021 14:15,0,,,
8/26/2021 14:00,0,,,
8/26/2021 13:45,0,,,
8/26/2021 13:30,0,,,
8/26/2021 13:15,0,,,
8/26/2021 13:00,0,,,
8/26/2021 12:45,0,,,
8/26/2021 12:30,0,,,
8/26/2021 12:15,0,,,
8/26/2021 12:00,0,,,
8/26/2021 11:45,0,,,
8/26/2021 11:30,0,,,
8/26/2021 11:15,0,,,
8/26/2021 11:00,0,,,
8/26/2021 10:45,0,,,
8/26/2021 10:30,0,,,
8/26/2021 10:15,0,,,
8/26/2021 10:00,0,,,
8/26/2021 9:45,0,,,
8/26/2021 9:30,0,,,
8/26/2021 9:15,0,,,
8/26/2021 9:00,0,,,
8/26/2021 8:45,0,,,
8/26/2021 8:30,0,,,
8/26/2021 8:15,0,,,
8/26/2021 8:00,0,,,
8/26/2021 7:45,0,,,
8/26/2021 7:30,0,,,
8/26/2021 7:15,0,,,
8/26/2021 7:00,0,,,
8/26/2021 6:45,0,,,
8/26/2021 6:30,0,,,
8/26/2021 6:15,0,,,
8/26/2021 6:00,0,,,
8/26/2021 5:45,0,,,
8/26/2021 5:30,0,,,
8/26/2021 5:15,0,,,
8/26/2021 5:00,0,,,
8/26/2021 4:45,0,,,
8/26/2021 4:30,0,,,
8/26/2021 4:15,0,,,
8/26/2021 4:00,0,,,
8/26/2021 3:45,0,,,
8/26/2021 3:30,0,,,
8/26/2021 3:15,0,,,
8/26/2021 3:00,0,,,
8/26/2021 2:45,0,,,
8/26/2021 2:30,0,,,
8/26/2021 2:15,0,,,
8/26/2021 2:00,0,,,
8/26/2021 1:45,0,,,
8/26/2021 1:30,0,,,
8/26/2021 1:15,0,,,
8/26/2021 1:00,0,,,
8/26/2021 0:45,0,,,
8/26/2021 0:30,0,,,
8/26/2021 0:15,0,,,
8/26/2021 0:00,0,,,
8/25/2021 23:45,0,,,
8/25/2021 23:30,0,,,
8/25/2021 23:15,0,,,
8/25/2021 23:00,0,,,
8/25/2021 22:45,0,,,
8/25/2021 22:30,0,,,
8/25/2021 22:15,0,,,
8/25/2021 22:00,0,,,
8/25/2021 21:45,0,,,
8/25/2021 21:30,0,,,
8/25/2021 21:15,0,,,
8/25/2021 21:00,0,,,
8/25/2021 20:45,0,,,
8/25/2021 20:30,0,,,
8/25/2021 20:15,0,,,
8/25/2021 20:00,0,,,
8/25/2021 19:45,0,,,
8/25/2021 19:30,0,,,
8/25/2021 19:15,0,,,
8/25/2021 19:00,0,,,
8/25/2021 18:45,0,,,
8/25/2021 18:30,0,,,
8/25/2021 18:15,0,,,
8/25/2021 18:00,0,,,
8/25/2021 17:45,0,,,
8/25/2021 17:30,0,,,
8/25/2021 17:15,0,,,
8/25/2021 17:00,0,,,
8/25/2021 16:45,0,,,
8/25/2021 16:30,0,,,
8/25/2021 16:15,0,,,
8/25/2021 16:00,0,,,
8/25/2021 15:45,0,,,
8/25/2021 15:30,0,,,
8/25/2021 15:15,0,,,
8/25/2021 15:00,0,,,
8/25/2021 14:45,0,,,
8/25/2021 14:30,0,,,
8/25/2021 14:15,0,,,
8/25/2021 14:00,0,,,
8/25/2021 13:45,0,,,
8/25/2021 13:30,0,,,
8/25/2021 13:15,0,,,
8/25/2021 13:00,0,,,
8/25/2021 12:45,0,,,
8/25/2021 12:30,0,,,
8/25/2021 12:15,0,,,
8/25/2021 12:00,0,,,
8/25/2021 11:45,0,,,
8/25/2021 11:30,0,,,
8/25/2021 11:15,0,,,
8/25/2021 11:00,0,,,
8/25/2021 10:45,0,,,
8/25/2021 10:30,0,,,
8/25/2021 10:15,0,,,
8/25/2021 10:00,0,,,
8/25/2021 9:45,0,,,
8/25/2021 9:30,0,,,
8/25/2021 9:15,0,,,
8/25/2021 9:00,0,,,
8/25/2021 8:45,0,,,
8/25/2021 8:30,0,,,
8/25/2021 8:15,0,,,
8/25/2021 8:00,0,,,
8/25/2021 7:45,0,,,
8/25/2021 7:30,0,,,
8/25/2021 7:15,0,,,
8/25/2021 7:00,0,,,
8/25/2021 6:45,0,,,
8/25/2021 6:30,0,,,
8/25/2021 6:15,0,,,
8/25/2021 6:00,0,,,
8/25/2021 5:45,0,,,
8/25/2021 5:30,0,,,
8/25/2021 5:15,0,,,
8/25/2021 5:00,0,,,
8/25/2021 4:45,0,,,
8/25/2021 4:30,0,,,
8/25/2021 4:15,0,,,
8/25/2021 4:00,0,,,
8/25/2021 3:45,0,,,
8/25/2021 3:30,0,,,
8/25/2021 3:15,0,,,
8/25/2021 3:00,0,,,
8/25/2021 2:45,0,,,
8/25/2021 2:30,0,,,
8/25/2021 2:15,0,,,
8/25/2021 2:00,0,,,
8/25/2021 1:45,0,,,
8/25/2021 1:30,0,,,
8/25/2021 1:15,0,,,
8/25/2021 1:00,0,,,
8/25/2021 0:45,0,,,
8/25/2021 0:30,0,,,
8/25/2021 0:15,0,,,
8/25/2021 0:00,0,,,
8/24/2021 23:45,0,,,
8/24/2021 23:30,0,,,
8/24/2021 23:15,0,,,
8/24/2021 23:00,0,,,
8/24/2021 22:45,0,,,
8/24/2021 22:30,0,,,
8/24/2021 22:15,0,,,
8/24/2021 22:00,0,,,
8/24/2021 21:45,0,,,
8/24/2021 21:30,0,,,
8/24/2021 21:15,0,,,
8/24/2021 21:00,0,,,
8/24/2021 20:45,0,,,
8/24/2021 20:30,0,,,
8/24/2021 20:15,0,,,
8/24/2021 20:00,0,,,
8/24/2021 19:45,0,,,
8/24/2021 19:30,0,,,
8/24/2021 19:15,0,,,
8/24/2021 19:00,0,,,
8/24/2021 18:45,0,,,
8/24/2021 18:30,0,,,
8/24/2021 18:15,0,,,
8/24/2021 18:00,0,,,
8/24/2021 17:45,0,,,
8/24/2021 17:30,0,,,
8/24/2021 17:15,0,,,
8/24/2021 17:00,0,,,
8/24/2021 16:45,0,,,
8/24/2021 16:30,0,,,
8/24/2021 16:15,0,,,
8/24/2021 16:00,0,,,
8/24/2021 15:45,0,,,
8/24/2021 15:30,0,,,
8/24/2021 15:15,0,,,
8/24/2021 15:00,0,,,
8/24/2021 14:45,0,,,
8/24/2021 14:30,0,,,
8/24/2021 14:15,0,,,
8/24/2021 14:00,0,,,
8/24/2021 13:45,0,,,
8/24/2021 13:30,0,,,
8/24/2021 13:15,0,,,
8/24/2021 13:00,0,,,
8/24/2021 12:45,0,,,
8/24/2021 12:30,0,,,
8/24/2021 12:15,0,,,
8/24/2021 12:00,0,,,
8/24/2021 11:45,0,,,
8/24/2021 11:30,0,,,
8/24/2021 11:15,0,,,
8/24/2021 11:00,0,,,
8/24/2021 10:45,0,,,
8/24/2021 10:30,0,,,
8/24/2021 10:15,0,,,
8/24/2021 10:00,0,,,
8/24/2021 9:45,0,,,
8/24/2021 9:30,0,,,
8/24/2021 9:15,0,,,
8/24/2021 9:00,0,,,
8/24/2021 8:45,0,,,
8/24/2021 8:30,0,,,
8/24/2021 8:15,0,,,
8/24/2021 8:00,0,,,
8/24/2021 7:45,0,,,
8/24/2021 7:30,0,,,
8/24/2021 7:15,0,,,
8/24/2021 7:00,0,,,
8/24/2021 6:45,0,,,
8/24/2021 6:30,0,,,
8/24/2021 6:15,0,,,
8/24/2021 6:00,0,,,
8/24/2021 5:45,0,,,
8/24/2021 5:30,0,,,
8/24/2021 5:15,0,,,
8/24/2021 5:00,0,,,
8/24/2021 4:45,0,,,
8/24/2021 4:30,0,,,
8/24/2021 4:15,0,,,
8/24/2021 4:00,0,,,
8/24/2021 3:45,0,,,
8/24/2021 3:30,0,,,
8/24/2021 3:15,0,,,
8/24/2021 3:00,0,,,
8/24/2021 2:45,0,,,
8/24/2021 2:30,0,,,
8/24/2021 2:15,0,,,
8/24/2021 2:00,0,,,
8/24/2021 1:45,0,,,
8/24/2021 1:30,0,,,
8/24/2021 1:15,0,,,
8/24/2021 1:00,0,,,
8/24/2021 0:45,0,,,
8/24/2021 0:30,0,,,
8/24/2021 0:15,0,,,
8/24/2021 0:00,0,,,
8/23/2021 23:45,0,,,
8/23/2021 23:30,0,,,
8/23/2021 23:15,0,,,
8/23/2021 23:00,0,,,
8/23/2021 22:45,0,,,
8/23/2021 22:30,0,,,
8/23/2021 22:15,0,,,
8/23/2021 22:00,0,,,
8/23/2021 21:45,0,,,
8/23/2021 21:30,0,,,
8/23/2021 21:15,0,,,
8/23/2021 21:00,0,,,
8/23/2021 20:45,0,,,
8/23/2021 20:30,0,,,
8/23/2021 20:15,0,,,
8/23/2021 20:00,0,,,
8/23/2021 19:45,0,,,
8/23/2021 19:30,0,,,
8/23/2021 19:15,0,,,
8/23/2021 19:00,0,,,
8/23/2021 18:45,0,,,
8/23/2021 18:30,0,,,
8/23/2021 18:15,0,,,
8/23/2021 18:00,0,,,
8/23/2021 17:45,0,,,
8/23/2021 17:30,0,,,
8/23/2021 17:15,0,,,
8/23/2021 17:00,0,,,
8/23/2021 16:45,0,,,
8/23/2021 16:30,0,,,
8/23/2021 16:15,0,,,
8/23/2021 16:00,0,,,
8/23/2021 15:45,0,,,
8/23/2021 15:30,0,,,
8/23/2021 15:15,0,,,
8/23/2021 15:00,0,,,
8/23/2021 14:45,0,,,
8/23/2021 14:30,0,,,
8/23/2021 14:15,0,,,
8/23/2021 14:00,0,,,
8/23/2021 13:45,0,,,
8/23/2021 13:30,0,,,
8/23/2021 13:15,0,,,
8/23/2021 13:00,0,,,
8/23/2021 12:45,0,,,
8/23/2021 12:30,0,,,
8/23/2021 12:15,0,,,
8/23/2021 12:00,0,,,
8/23/2021 11:45,0,,,
8/23/2021 11:30,0,,,
8/23/2021 11:15,0,,,
8/23/2021 11:00,0,,,
8/23/2021 10:45,0,,,
8/23/2021 10:30,0,,,
8/23/2021 10:15,0,,,
8/23/2021 10:00,0,,,
8/23/2021 9:45,0,,,
8/23/2021 9:30,0,,,
8/23/2021 9:15,0,,,
8/23/2021 9:00,0,,,
8/23/2021 8:45,0,,,
8/23/2021 8:30,0,,,
8/23/2021 8:15,0,,,
8/23/2021 8:00,0,,,
8/23/2021 7:45,0,,,
8/23/2021 7:30,0,,,
8/23/2021 7:15,0,,,
8/23/2021 7:00,0,,,
8/23/2021 6:45,0,,,
8/23/2021 6:30,0,,,
8/23/2021 6:15,0,,,
8/23/2021 6:00,0,,,
8/23/2021 5:45,0,,,
8/23/2021 5:30,0,,,
8/23/2021 5:15,0,,,
8/23/2021 5:00,0,,,
8/23/2021 4:45,0,,,
8/23/2021 4:30,0,,,
8/23/2021 4:15,0,,,
8/23/2021 4:00,0,,,
8/23/2021 3:45,0,,,
8/23/2021 3:30,0,,,
8/23/2021 3:15,0,,,
8/23/2021 3:00,0,,,
8/23/2021 2:45,0,,,
8/23/2021 2:30,0,,,
8/23/2021 2:15,0,,,
8/23/2021 2:00,0,,,
8/23/2021 1:45,0,,,
8/23/2021 1:30,0,,,
8/23/2021 1:15,0,,,
8/23/2021 1:00,0,,,
8/23/2021 0:45,0,,,
8/23/2021 0:30,0,,,
8/23/2021 0:15,0,,,
8/23/2021 0:00,0,,,
8/22/2021 23:45,0,,,
8/22/2021 23:30,0,,,
8/22/2021 23:15,0,,,
8/22/2021 23:00,0,,,
8/22/2021 22:45,0,,,
8/22/2021 22:30,0,,,
8/22/2021 22:15,0,,,
8/22/2021 22:00,0,,,
8/22/2021 21:45,0,,,
8/22/2021 21:30,0,,,
8/22/2021 21:15,0,,,
8/22/2021 21:00,0,,,
8/22/2021 20:45,0,,,
8/22/2021 20:30,0,,,
8/22/2021 20:15,0,,,
8/22/2021 20:00,0,,,
8/22/2021 19:45,0,,,
8/22/2021 19:30,0,,,
8/22/2021 19:15,0,,,
8/22/2021 19:00,0,,,
8/22/2021 18:45,0,,,
8/22/2021 18:30,0,,,
8/22/2021 18:15,0,,,
8/22/2021 18:00,0,,,
8/22/2021 17:45,0,,,
8/22/2021 17:30,0,,,
8/22/2021 17:15,0,,,
8/22/2021 17:00,0,,,
8/22/2021 16:45,0,,,
8/22/2021 16:30,0,,,
8/22/2021 16:15,0,,,
8/22/2021 16:00,0,,,
8/22/2021 15:45,0,,,
8/22/2021 15:30,0,,,
8/22/2021 15:15,0,,,
8/22/2021 15:00,0,,,
8/22/2021 14:45,0,,,
8/22/2021 14:30,0,,,
8/22/2021 14:15,0,,,
8/22/2021 14:00,0,,,
8/22/2021 13:45,0,,,
8/22/2021 13:30,0,,,
8/22/2021 13:15,0,,,
8/22/2021 13:00,0,,,
8/22/2021 12:45,0,,,
8/22/2021 12:30,0,,,
8/22/2021 12:15,0,,,
8/22/2021 12:00,0,,,
8/22/2021 11:45,0,,,
8/22/2021 11:30,0,,,
8/22/2021 11:15,0,,,
8/22/2021 11:00,0,,,
8/22/2021 10:45,0,,,
8/22/2021 10:30,0,,,
8/22/2021 10:15,0,,,
8/22/2021 10:00,0,,,
8/22/2021 9:45,0,,,
8/22/2021 9:30,0,,,
8/22/2021 9:15,0,,,
8/22/2021 9:00,0,,,
8/22/2021 8:45,0,,,
8/22/2021 8:30,0,,,
8/22/2021 8:15,0,,,
8/22/2021 8:00,0,,,
8/22/2021 7:45,0,,,
8/22/2021 7:30,0,,,
8/22/2021 7:15,0,,,
8/22/2021 7:00,0,,,
8/22/2021 6:45,0,,,
8/22/2021 6:30,0,,,
8/22/2021 6:15,0,,,
8/22/2021 6:00,0,,,
8/22/2021 5:45,0,,,
8/22/2021 5:30,0,,,
8/22/2021 5:15,0,,,
8/22/2021 5:00,0,,,
8/22/2021 4:45,0,,,
8/22/2021 4:30,0,,,
8/22/2021 4:15,0,,,
8/22/2021 4:00,0,,,
8/22/2021 3:45,0,,,
8/22/2021 3:30,0,,,
8/22/2021 3:15,0,,,
8/22/2021 3:00,0,,,
8/22/2021 2:45,0,,,
8/22/2021 2:30,0,,,
8/22/2021 2:15,0,,,
8/22/2021 2:00,0,,,
8/22/2021 1:45,0,,,
8/22/2021 1:30,0,,,
8/22/2021 1:15,0,,,
8/22/2021 1:00,0,,,
8/22/2021 0:45,0,,,
8/22/2021 0:30,0,,,
8/22/2021 0:15,0,,,
8/22/2021 0:00,0,,,
8/21/2021 23:45,0,,,
8/21/2021 23:30,0,,,
8/21/2021 23:15,0,,,
8/21/2021 23:00,0,,,
8/21/2021 22:45,0,,,
8/21/2021 22:30,0,,,
8/21/2021 22:15,0,,,
8/21/2021 22:00,0,,,
8/21/2021 21:45,0,,,
8/21/2021 21:30,0,,,
8/21/2021 21:15,0,,,
8/21/2021 21:00,0,,,
8/21/2021 20:45,0,,,
8/21/2021 20:30,0,,,
8/21/2021 20:15,0,,,
8/21/2021 20:00,0,,,
8/21/2021 19:45,0,,,
8/21/2021 19:30,0,,,
8/21/2021 19:15,0,,,
8/21/2021 19:00,0,,,
8/21/2021 18:45,0,,,
8/21/2021 18:30,0,,,
8/21/2021 18:15,0,,,
8/21/2021 18:00,0,,,
8/21/2021 17:45,0,,,
8/21/2021 17:30,0,,,
8/21/2021 17:15,0,,,
8/21/2021 17:00,0,,,
8/21/2021 16:45,0,,,
8/21/2021 16:30,0,,,
8/21/2021 16:15,0,,,
8/21/2021 16:00,0,,,
8/21/2021 15:45,0,,,
8/21/2021 15:30,0,,,
8/21/2021 15:15,0,,,
8/21/2021 15:00,0,,,
8/21/2021 14:45,0,,,
8/21/2021 14:30,0,,,
8/21/2021 14:15,0,,,
8/21/2021 14:00,0,,,
8/21/2021 13:45,0,,,
8/21/2021 13:30,0,,,
8/21/2021 13:15,0,,,
8/21/2021 13:00,0,,,
8/21/2021 12:45,0,,,
8/21/2021 12:30,0,,,
8/21/2021 12:15,0,,,
8/21/2021 12:00,0,,,
8/21/2021 11:45,0,,,
8/21/2021 11:30,0,,,
8/21/2021 11:15,0,,,
8/21/2021 11:00,0,,,
8/21/2021 10:45,0,,,
8/21/2021 10:30,0,,,
8/21/2021 10:15,0,,,
8/21/2021 10:00,0,,,
8/21/2021 9:45,0,,,
8/21/2021 9:30,0,,,
8/21/2021 9:15,0,,,
8/21/2021 9:00,0,,,
8/21/2021 8:45,0,,,
8/21/2021 8:30,0,,,
8/21/2021 8:15,0,,,
8/21/2021 8:00,0,,,
8/21/2021 7:45,0,,,
8/21/2021 7:30,0,,,
8/21/2021 7:15,0,,,
8/21/2021 7:00,0,,,
8/21/2021 6:45,0,,,
8/21/2021 6:30,0,,,
8/21/2021 6:15,0,,,
8/21/2021 6:00,0,,,
8/21/2021 5:45,0,,,
8/21/2021 5:30,0,,,
8/21/2021 5:15,0,,,
8/21/2021 5:00,0,,,
8/21/2021 4:45,0,,,
8/21/2021 4:30,0,,,
8/21/2021 4:15,0,,,
8/21/2021 4:00,0,,,
8/21/2021 3:45,0,,,
8/21/2021 3:30,0,,,
8/21/2021 3:15,0,,,
8/21/2021 3:00,0,,,
8/21/2021 2:45,0,,,
8/21/2021 2:30,0,,,
8/21/2021 2:15,0,,,
8/21/2021 2:00,0,,,
8/21/2021 1:45,0,,,
8/21/2021 1:30,0,,,
8/21/2021 1:15,0,,,
8/21/2021 1:00,0,,,
8/21/2021 0:45,0,,,
8/21/2021 0:30,0,,,
8/21/2021 0:15,0,,,
8/21/2021 0:00,0,,,
8/20/2021 23:45,0,,,
8/20/2021 23:30,0,,,
8/20/2021 23:15,0,,,
8/20/2021 23:00,0,,,
8/20/2021 22:45,0,,,
8/20/2021 22:30,0,,,
8/20/2021 22:15,0,,,
8/20/2021 22:00,0,,,
8/20/2021 21:45,0,,,
8/20/2021 21:30,0,,,
8/20/2021 21:15,0,,,
8/20/2021 21:00,0,,,
8/20/2021 20:45,0,,,
8/20/2021 20:30,0,,,
8/20/2021 20:15,0,,,
8/20/2021 20:00,0,,,
8/20/2021 19:45,0,,,
8/20/2021 19:30,0,,,
8/20/2021 19:15,0,,,
8/20/2021 19:00,0,,,
8/20/2021 18:45,0,,,
8/20/2021 18:30,0,,,
8/20/2021 18:15,0,,,
8/20/2021 18:00,0,,,
8/20/2021 17:45,0,,,
8/20/2021 17:30,0,,,
8/20/2021 17:15,0,,,
8/20/2021 17:00,0,,,
8/20/2021 16:45,0,,,
8/20/2021 16:30,0,,,
8/20/2021 16:15,0,,,
8/20/2021 16:00,0,,,
8/20/2021 15:45,0,,,
8/20/2021 15:30,0,,,
8/20/2021 15:15,0,,,
8/20/2021 15:00,0,,,
8/20/2021 14:45,0,,,
8/20/2021 14:30,0,,,
8/20/2021 14:15,0,,,
8/20/2021 14:00,0,,,
8/20/2021 13:45,0,,,
8/20/2021 13:30,0,,,
8/20/2021 13:15,0,,,
8/20/2021 13:00,0,,,
8/20/2021 12:45,0,,,
8/20/2021 12:30,0,,,
8/20/2021 12:15,0,,,
8/20/2021 12:00,0,,,
8/20/2021 11:45,0,,,
8/20/2021 11:30,0,,,
8/20/2021 11:15,0,,,
8/20/2021 11:00,0,,,
8/20/2021 10:45,0,,,
8/20/2021 10:30,0,,,
8/20/2021 10:15,0,,,
8/20/2021 10:00,0,,,
8/20/2021 9:45,0,,,
8/20/2021 9:30,0,,,
8/20/2021 9:15,0,,,
8/20/2021 9:00,0,,,
8/20/2021 8:45,0,,,
8/20/2021 8:30,0,,,
8/20/2021 8:15,0,,,
8/20/2021 8:00,0,,,
8/20/2021 7:45,0,,,
8/20/2021 7:30,0,,,
8/20/2021 7:15,0,,,
8/20/2021 7:00,0,,,
8/20/2021 6:45,0,,,
8/20/2021 6:30,0,,,
8/20/2021 6:15,0,,,
8/20/2021 6:00,0,,,
8/20/2021 5:45,0,,,
8/20/2021 5:30,0,,,
8/20/2021 5:15,0,,,
8/20/2021 5:00,0,,,
8/20/2021 4:45,0,,,
8/20/2021 4:30,0,,,
8/20/2021 4:15,0,,,
8/20/2021 4:00,0,,,
8/20/2021 3:45,0,,,
8/20/2021 3:30,0,,,
8/20/2021 3:15,0,,,
8/20/2021 3:00,0,,,
8/20/2021 2:45,0,,,
8/20/2021 2:30,0,,,
8/20/2021 2:15,0,,,
8/20/2021 2:00,0,,,
8/20/2021 1:45,0,,,
8/20/2021 1:30,0,,,
8/20/2021 1:15,0,,,
8/20/2021 1:00,0,,,
8/20/2021 0:45,0,,,
8/20/2021 0:30,0,,,
8/20/2021 0:15,0,,,
8/20/2021 0:00,0,,,
8/19/2021 23:45,0,,,
8/19/2021 23:30,0,,,
8/19/2021 23:15,0,,,
8/19/2021 23:00,0,,,
8/19/2021 22:45,0,,,
8/19/2021 22:30,0,,,
8/19/2021 22:15,0,,,
8/19/2021 22:00,0,,,
8/19/2021 21:45,0,,,
8/19/2021 21:30,0,,,
8/19/2021 21:15,0,,,
8/19/2021 21:00,0,,,
8/19/2021 20:45,0,,,
8/19/2021 20:30,0,,,
8/19/2021 20:15,0,,,
8/19/2021 20:00,0,,,
8/19/2021 19:45,0,,,
8/19/2021 19:30,0,,,
8/19/2021 19:15,0,,,
8/19/2021 19:00,0,,,
8/19/2021 18:45,0,,,
8/19/2021 18:30,0,,,
8/19/2021 18:15,0,,,
8/19/2021 18:00,0,,,
8/19/2021 17:45,0,,,
8/19/2021 17:30,0,,,
8/19/2021 17:15,0,,,
8/19/2021 17:00,0,,,
8/19/2021 16:45,0,,,
8/19/2021 16:30,0,,,
8/19/2021 16:15,0,,,
8/19/2021 16:00,0,,,
8/19/2021 15:45,0,,,
8/19/2021 15:30,0,,,
8/19/2021 15:15,0,,,
8/19/2021 15:00,0,,,
8/19/2021 14:45,0,,,
8/19/2021 14:30,0,,,
8/19/2021 14:15,0,,,
8/19/2021 14:00,0,,,
8/19/2021 13:45,0,,,
8/19/2021 13:30,0,,,
8/19/2021 13:15,0,,,
8/19/2021 13:00,0,,,
8/19/2021 12:45,0,,,
8/19/2021 12:30,0,,,
8/19/2021 12:15,0,,,
8/19/2021 12:00,0,,,
8/19/2021 11:45,0,,,
8/19/2021 11:30,0,,,
8/19/2021 11:15,0,,,
8/19/2021 11:00,0,,,
8/19/2021 10:45,0,,,
8/19/2021 10:30,0,,,
8/19/2021 10:15,0,,,
8/19/2021 10:00,0,,,
8/19/2021 9:45,0,,,
8/19/2021 9:30,0,,,
8/19/2021 9:15,0,,,
8/19/2021 9:00,0,,,
8/19/2021 8:45,0,,,
8/19/2021 8:30,0,,,
8/19/2021 8:15,0,,,
8/19/2021 8:00,0,,,
8/19/2021 7:45,0,,,
8/19/2021 7:30,0,,,
8/19/2021 7:15,0,,,
8/19/2021 7:00,0,,,
8/19/2021 6:45,0,,,
8/19/2021 6:30,0,,,
8/19/2021 6:15,0,,,
8/19/2021 6:00,0,,,
8/19/2021 5:45,0,,,
8/19/2021 5:30,0,,,
8/19/2021 5:15,0,,,
8/19/2021 5:00,0,,,
8/19/2021 4:45,0,,,
8/19/2021 4:30,0,,,
8/19/2021 4:15,0,,,
8/19/2021 4:00,0,,,
8/19/2021 3:45,0,,,
8/19/2021 3:30,0,,,
8/19/2021 3:15,0,,,
8/19/2021 3:00,0,,,
8/19/2021 2:45,0,,,
8/19/2021 2:30,0,,,
8/19/2021 2:15,0,,,
8/19/2021 2:00,0,,,
8/19/2021 1:45,0,,,
8/19/2021 1:30,0,,,
8/19/2021 1:15,0,,,
8/19/2021 1:00,0,,,
8/19/2021 0:45,0,,,
8/19/2021 0:30,0,,,
8/19/2021 0:15,0,,,
8/19/2021 0:00,0,,,
8/18/2021 23:45,0,,,
8/18/2021 23:30,0,,,
8/18/2021 23:15,0,,,
8/18/2021 23:00,0,,,
8/18/2021 22:45,0,,,
8/18/2021 22:30,0,,,
8/18/2021 22:15,0,,,
8/18/2021 22:00,0,,,
8/18/2021 21:45,0,,,
8/18/2021 21:30,0,,,
8/18/2021 21:15,0,,,
8/18/2021 21:00,0,,,
8/18/2021 20:45,0,,,
8/18/2021 20:30,0,,,
8/18/2021 20:15,0,,,
8/18/2021 20:00,0,,,
8/18/2021 19:45,0,,,
8/18/2021 19:30,0,,,
8/18/2021 19:15,0,,,
8/18/2021 19:00,0,,,
8/18/2021 18:45,0,,,
8/18/2021 18:30,0,,,
8/18/2021 18:15,0,,,
8/18/2021 18:00,0,,,
8/18/2021 17:45,0,,,
8/18/2021 17:30,0,,,
8/18/2021 17:15,0,,,
8/18/2021 17:00,0,,,
8/18/2021 16:45,0,,,
8/18/2021 16:30,0,,,
8/18/2021 16:15,0,,,
8/18/2021 16:00,0,,,
8/18/2021 15:45,0,,,
8/18/2021 15:30,0,,,
8/18/2021 15:15,0,,,
8/18/2021 15:00,0,,,
8/18/2021 14:45,0,,,
8/18/2021 14:30,0,,,
8/18/2021 14:15,0,,,
8/18/2021 14:00,0,,,
8/18/2021 13:45,0,,,
8/18/2021 13:30,0,,,
8/18/2021 13:15,0,,,
8/18/2021 13:00,0,,,
8/18/2021 12:45,0,,,
8/18/2021 12:30,0,,,
8/18/2021 12:15,0,,,
8/18/2021 12:00,0,,,
8/18/2021 11:45,0,,,
8/18/2021 11:30,0,,,
8/18/2021 11:15,0,,,
8/18/2021 11:00,0,,,
8/18/2021 10:45,0,,,
8/18/2021 10:30,0,,,
8/18/2021 10:15,0,,,
8/18/2021 10:00,0,,,
8/18/2021 9:45,0,,,
8/18/2021 9:30,0,,,
8/18/2021 9:15,0,,,
8/18/2021 9:00,0,,,
8/18/2021 8:45,0,,,
8/18/2021 8:30,0,,,
8/18/2021 8:15,0,,,
8/18/2021 8:00,0,,,
8/18/2021 7:45,0,,,
8/18/2021 7:30,0,,,
8/18/2021 7:15,0,,,
8/18/2021 7:00,0,,,
8/18/2021 6:45,0,,,
8/18/2021 6:30,0,,,
8/18/2021 6:15,0,,,
8/18/2021 6:00,0,,,
8/18/2021 5:45,0,,,
8/18/2021 5:30,0,,,
8/18/2021 5:15,0,,,
8/18/2021 5:00,0,,,
8/18/2021 4:45,0,,,
8/18/2021 4:30,0,,,
8/18/2021 4:15,0,,,
8/18/2021 4:00,0,,,
8/18/2021 3:45,0,,,
8/18/2021 3:30,0,,,
8/18/2021 3:15,0,,,
8/18/2021 3:00,0,,,
8/18/2021 2:45,0,,,
8/18/2021 2:30,0,,,
8/18/2021 2:15,0,,,
8/18/2021 2:00,0,,,
8/18/2021 1:45,0,,,
8/18/2021 1:30,0,,,
8/18/2021 1:15,0,,,
8/18/2021 1:00,0,,,
8/18/2021 0:45,0,,,
8/18/2021 0:30,0,,,
8/18/2021 0:15,0,,,
8/18/2021 0:00,0,,,
8/17/2021 23:45,0,,,
8/17/2021 23:30,0,,,
8/17/2021 23:15,0,,,
8/17/2021 23:00,0,,,
8/17/2021 22:45,0,,,
8/17/2021 22:30,0,,,
8/17/2021 22:15,0,,,
8/17/2021 22:00,0,,,
8/17/2021 21:45,0,,,
8/17/2021 21:30,0,,,
8/17/2021 21:15,0,,,
8/17/2021 21:00,0,,,
8/17/2021 20:45,0,,,
8/17/2021 20:30,0,,,
8/17/2021 20:15,0,,,
8/17/2021 20:00,0,,,
8/17/2021 19:45,0,,,
8/17/2021 19:30,0,,,
8/17/2021 19:15,0,,,
8/17/2021 19:00,0,,,
8/17/2021 18:45,0,,,
8/17/2021 18:30,0,,,
8/17/2021 18:15,0,,,
8/17/2021 18:00,0,,,
8/17/2021 17:45,0,,,
8/17/2021 17:30,0,,,
8/17/2021 17:15,0,,,
8/17/2021 17:00,0,,,
8/17/2021 16:45,0,,,
8/17/2021 16:30,0,,,
8/17/2021 16:15,0,,,
8/17/2021 16:00,0,,,
8/17/2021 15:45,0,,,
8/17/2021 15:30,0,,,
8/17/2021 15:15,0,,,
8/17/2021 15:00,0,,,
8/17/2021 14:45,0,,,
8/17/2021 14:30,0,,,
8/17/2021 14:15,0,,,
8/17/2021 14:00,0,,,
8/17/2021 13:45,0,,,
8/17/2021 13:30,0,,,
8/17/2021 13:15,0,,,
8/17/2021 13:00,0,,,
8/17/2021 12:45,0,,,
8/17/2021 12:30,0,,,
8/17/2021 12:15,0,,,
8/17/2021 12:00,0,,,
8/17/2021 11:45,0,,,
8/17/2021 11:30,0,,,
8/17/2021 11:15,0,,,
8/17/2021 11:00,0,,,
8/17/2021 10:45,0,,,
8/17/2021 10:30,0,,,
8/17/2021 10:15,0,,,
8/17/2021 10:00,0,,,
8/17/2021 9:45,0,,,
8/17/2021 9:30,0,,,
8/17/2021 9:15,0,,,
8/17/2021 9:00,0,,,
8/17/2021 8:45,0,,,
8/17/2021 8:30,0,,,
8/17/2021 8:15,0,,,
8/17/2021 8:00,0,,,
8/17/2021 7:45,0,,,
8/17/2021 7:30,0,,,
8/17/2021 7:15,0,,,
8/17/2021 7:00,0,,,
8/17/2021 6:45,0,,,
8/17/2021 6:30,0,,,
8/17/2021 6:15,0,,,
8/17/2021 6:00,0,,,
8/17/2021 5:45,0,,,
8/17/2021 5:30,0,,,
8/17/2021 5:15,0,,,
8/17/2021 5:00,0,,,
8/17/2021 4:45,0,,,
8/17/2021 4:30,0,,,
8/17/2021 4:15,0,,,
8/17/2021 4:00,0,,,
8/17/2021 3:45,0,,,
8/17/2021 3:30,0,,,
8/17/2021 3:15,0,,,
8/17/2021 3:00,0,,,
8/17/2021 2:45,0,,,
8/17/2021 2:30,0,,,
8/17/2021 2:15,0,,,
8/17/2021 2:00,0,,,
8/17/2021 1:45,0,,,
8/17/2021 1:30,0,,,
8/17/2021 1:15,0,,,
8/17/2021 1:00,0,,,
8/17/2021 0:45,0,,,
8/17/2021 0:30,0,,,
8/17/2021 0:15,0,,,
8/17/2021 0:00,0,,,
8/16/2021 23:45,0,,,
8/16/2021 23:30,0,,,
8/16/2021 23:15,0,,,
8/16/2021 23:00,0,,,
8/16/2021 22:45,0,,,
8/16/2021 22:30,0,,,
8/16/2021 22:15,0,,,
8/16/2021 22:00,0,,,
8/16/2021 21:45,0,,,
8/16/2021 21:30,0,,,
8/16/2021 21:15,0,,,
8/16/2021 21:00,0,,,
8/16/2021 20:45,0,,,
8/16/2021 20:30,0,,,
8/16/2021 20:15,0,,,
8/16/2021 20:00,0,,,
8/16/2021 19:45,0,,,
8/16/2021 19:30,0,,,
8/16/2021 19:15,0,,,
8/16/2021 19:00,0,,,
8/16/2021 18:45,0,,,
8/16/2021 18:30,0,,,
8/16/2021 18:15,0,,,
8/16/2021 18:00,0,,,
8/16/2021 17:45,0,,,
8/16/2021 17:30,0,,,
8/16/2021 17:15,0,,,
8/16/2021 17:00,0,,,
8/16/2021 16:45,0,,,
8/16/2021 16:30,0,,,
8/16/2021 16:15,0,,,
8/16/2021 16:00,0,,,
8/16/2021 15:45,0,,,
8/16/2021 15:30,0,,,
8/16/2021 15:15,0,,,
8/16/2021 15:00,0,,,
8/16/2021 14:45,0,,,
8/16/2021 14:30,0,,,
8/16/2021 14:15,0,,,
8/16/2021 14:00,0,,,
8/16/2021 13:45,0,,,
8/16/2021 13:30,0,,,
8/16/2021 13:15,0,,,
8/16/2021 13:00,0,,,
8/16/2021 12:45,0,,,
8/16/2021 12:30,0,,,
8/16/2021 12:15,0,,,
8/16/2021 12:00,0,,,
8/16/2021 11:45,0,,,
8/16/2021 11:30,0,,,
8/16/2021 11:15,0,,,
8/16/2021 11:00,0,,,
8/16/2021 10:45,0,,,
8/16/2021 10:30,0,,,
8/16/2021 10:15,0,,,
8/16/2021 10:00,0,,,
8/16/2021 9:45,0,,,
8/16/2021 9:30,0,,,
8/16/2021 9:15,0,,,
8/16/2021 9:00,0,,,
8/16/2021 8:45,0,,,
8/16/2021 8:30,0,,,
8/16/2021 8:15,0,,,
8/16/2021 8:00,0,,,
8/16/2021 7:45,0,,,
8/16/2021 7:30,0,,,
8/16/2021 7:15,0,,,
8/16/2021 7:00,0,,,
8/16/2021 6:45,0,,,
8/16/2021 6:30,0,,,
8/16/2021 6:15,0,,,
8/16/2021 6:00,0,,,
8/16/2021 5:45,0,,,
8/16/2021 5:30,0,,,
8/16/2021 5:15,0,,,
8/16/2021 5:00,0,,,
8/16/2021 4:45,0,,,
8/16/2021 4:30,0,,,
8/16/2021 4:15,0,,,
8/16/2021 4:00,0,,,
8/16/2021 3:45,0,,,
8/16/2021 3:30,0,,,
8/16/2021 3:15,0,,,
8/16/2021 3:00,0,,,
8/16/2021 2:45,0,,,
8/16/2021 2:30,0,,,
8/16/2021 2:15,0,,,
8/16/2021 2:00,0,,,
8/16/2021 1:45,0,,,
8/16/2021 1:30,0,,,
8/16/2021 1:15,0,,,
8/16/2021 1:00,0,,,
8/16/2021 0:45,0,,,
8/16/2021 0:30,0,,,
8/16/2021 0:15,0,,,
8/16/2021 0:00,0,,,
8/15/2021 23:45,0,,,
8/15/2021 23:30,0,,,
8/15/2021 23:15,0,,,
8/15/2021 23:00,0,,,
8/15/2021 22:45,0,,,
8/15/2021 22:30,0,,,
8/15/2021 22:15,0,,,
8/15/2021 22:00,0,,,
8/15/2021 21:45,0,,,
8/15/2021 21:30,0,,,
8/15/2021 21:15,0,,,
8/15/2021 21:00,0,,,
8/15/2021 20:45,0,,,
8/15/2021 20:30,0,,,
8/15/2021 20:15,0,,,
8/15/2021 20:00,0,,,
8/15/2021 19:45,0,,,
8/15/2021 19:30,0,,,
8/15/2021 19:15,0,,,
8/15/2021 19:00,0,,,
8/15/2021 18:45,0,,,
8/15/2021 18:30,0,,,
8/15/2021 18:15,0,,,
8/15/2021 18:00,0,,,
8/15/2021 17:45,0,,,
8/15/2021 17:30,0,,,
8/15/2021 17:15,0,,,
8/15/2021 17:00,0,,,
8/15/2021 16:45,0,,,
8/15/2021 16:30,0,,,
8/15/2021 16:15,0,,,
8/15/2021 16:00,0,,,
8/15/2021 15:45,0,,,
8/15/2021 15:30,0,,,
8/15/2021 15:15,0,,,
8/15/2021 15:00,0,,,
8/15/2021 14:45,0,,,
8/15/2021 14:30,0,,,
8/15/2021 14:15,0,,,
8/15/2021 14:00,0,,,
8/15/2021 13:45,0,,,
8/15/2021 13:30,0,,,
8/15/2021 13:15,0,,,
8/15/2021 13:00,0,,,
8/15/2021 12:45,0,,,
8/15/2021 12:30,0,,,
8/15/2021 12:15,0,,,
8/15/2021 12:00,0,,,
8/15/2021 11:45,0,,,
8/15/2021 11:30,0,,,
8/15/2021 11:15,0,,,
8/15/2021 11:00,0,,,
8/15/2021 10:45,0,,,
8/15/2021 10:30,0,,,
8/15/2021 10:15,0,,,
8/15/2021 10:00,0,,,
8/15/2021 9:45,0,,,
8/15/2021 9:30,0,,,
8/15/2021 9:15,0,,,
8/15/2021 9:00,0,,,
8/15/2021 8:45,0,,,
8/15/2021 8:30,0,,,
8/15/2021 8:15,0,,,
8/15/2021 8:00,0,,,
8/15/2021 7:45,0,,,
8/15/2021 7:30,0,,,
8/15/2021 7:15,0,,,
8/15/2021 7:00,0,,,
8/15/2021 6:45,0,,,
8/15/2021 6:30,0,,,
8/15/2021 6:15,0,,,
8/15/2021 6:00,0,,,
8/15/2021 5:45,0,,,
8/15/2021 5:30,0,,,
8/15/2021 5:15,0,,,
8/15/2021 5:00,0,,,
8/15/2021 4:45,0,,,
8/15/2021 4:30,0,,,
8/15/2021 4:15,0,,,
8/15/2021 4:00,0,,,
8/15/2021 3:45,0,,,
8/15/2021 3:30,0,,,
8/15/2021 3:15,0,,,
8/15/2021 3:00,0,,,
8/15/2021 2:45,0,,,
8/15/2021 2:30,0,,,
8/15/2021 2:15,0,,,
8/15/2021 2:00,0,,,
8/15/2021 1:45,0,,,
8/15/2021 1:30,0,,,
8/15/2021 1:15,0,,,
8/15/2021 1:00,0,,,
8/15/2021 0:45,0,,,
8/15/2021 0:30,0,,,
8/15/2021 0:15,0,,,
8/15/2021 0:00,0,,,
8/14/2021 23:45,0,,,
8/14/2021 23:30,0,,,
8/14/2021 23:15,0,,,
8/14/2021 23:00,0,,,
8/14/2021 22:45,0,,,
8/14/2021 22:30,0,,,
8/14/2021 22:15,0,,,
8/14/2021 22:00,0,,,
8/14/2021 21:45,0,,,
8/14/2021 21:30,0,,,
8/14/2021 21:15,0,,,
8/14/2021 21:00,0,,,
8/14/2021 20:45,0,,,
8/14/2021 20:30,0,,,
8/14/2021 20:15,0,,,
8/14/2021 20:00,0,,,
8/14/2021 19:45,0,,,
8/14/2021 19:30,0,,,
8/14/2021 19:15,0,,,
8/14/2021 19:00,0,,,
8/14/2021 18:45,0,,,
8/14/2021 18:30,0,,,
8/14/2021 18:15,0,,,
8/14/2021 18:00,0,,,
8/14/2021 17:45,0,,,
8/14/2021 17:30,0,,,
8/14/2021 17:15,0,,,
8/14/2021 17:00,0,,,
8/14/2021 16:45,0,,,
8/14/2021 16:30,0,,,
8/14/2021 16:15,0,,,
8/14/2021 16:00,0,,,
8/14/2021 15:45,0,,,
8/14/2021 15:30,0,,,
8/14/2021 15:15,0,,,
8/14/2021 15:00,0,,,
8/14/2021 14:45,0,,,
8/14/2021 14:30,0,,,
8/14/2021 14:15,0,,,
8/14/2021 14:00,0,,,
8/14/2021 13:45,0,,,
8/14/2021 13:30,0,,,
8/14/2021 13:15,0,,,
8/14/2021 13:00,0,,,
8/14/2021 12:45,0,,,
8/14/2021 12:30,0,,,
8/14/2021 12:15,0,,,
8/14/2021 12:00,0,,,
8/14/2021 11:45,0,,,
8/14/2021 11:30,0,,,
8/14/2021 11:15,0,,,
8/14/2021 11:00,0,,,
8/14/2021 10:45,0,,,
8/14/2021 10:30,0,,,
8/14/2021 10:15,0,,,
8/14/2021 10:00,0,,,
8/14/2021 9:45,0,,,
8/14/2021 9:30,0,,,
8/14/2021 9:15,0,,,
8/14/2021 9:00,0,,,
8/14/2021 8:45,0,,,
8/14/2021 8:30,0,,,
8/14/2021 8:15,0,,,
8/14/2021 8:00,0,,,
8/14/2021 7:45,0,,,
8/14/2021 7:30,0,,,
8/14/2021 7:15,0,,,
8/14/2021 7:00,0,,,
8/14/2021 6:45,0,,,
8/14/2021 6:30,0,,,
8/14/2021 6:15,0,,,
8/14/2021 6:00,0,,,
8/14/2021 5:45,0,,,
8/14/2021 5:30,0,,,
8/14/2021 5:15,0,,,
8/14/2021 5:00,0,,,
8/14/2021 4:45,0,,,
8/14/2021 4:30,0,,,
8/14/2021 4:15,0,,,
8/14/2021 4:00,0,,,
8/14/2021 3:45,0,,,
8/14/2021 3:30,0,,,
8/14/2021 3:15,0,,,
8/14/2021 3:00,0,,,
8/14/2021 2:45,0,,,
8/14/2021 2:30,0,,,
8/14/2021 2:15,0,,,
8/14/2021 2:00,0,,,
8/14/2021 1:45,0,,,
8/14/2021 1:30,0,,,
8/14/2021 1:15,0,,,
8/14/2021 1:00,0,,,
8/14/2021 0:45,0,,,
8/14/2021 0:30,0,,,
8/14/2021 0:15,0,,,
8/14/2021 0:00,0,,,
8/13/2021 23:45,0,,,
8/13/2021 23:30,0,,,
8/13/2021 23:15,0,,,
8/13/2021 23:00,0,,,
8/13/2021 22:45,0,,,
8/13/2021 22:30,0,,,
8/13/2021 22:15,0,,,
8/13/2021 22:00,0,,,
8/13/2021 21:45,0,,,
8/13/2021 21:30,0,,,
8/13/2021 21:15,0,,,
8/13/2021 21:00,0,,,
8/13/2021 20:45,0,,,
8/13/2021 20:30,0,,,
8/13/2021 20:15,0,,,
8/13/2021 20:00,0,,,
8/13/2021 19:45,0,,,
8/13/2021 19:30,0,,,
8/13/2021 19:15,0,,,
8/13/2021 19:00,0,,,
8/13/2021 18:45,0,,,
8/13/2021 18:30,0,,,
8/13/2021 18:15,0,,,
8/13/2021 18:00,0,,,
8/13/2021 17:45,0,,,
8/13/2021 17:30,0,,,
8/13/2021 17:15,0,,,
8/13/2021 17:00,0,,,
8/13/2021 16:45,0,,,
8/13/2021 16:30,0,,,
8/13/2021 16:15,0,,,
8/13/2021 16:00,0,,,
8/13/2021 15:45,0,,,
8/13/2021 15:30,0,,,
8/13/2021 15:15,0,,,
8/13/2021 15:00,0,,,
8/13/2021 14:45,0,,,
8/13/2021 14:30,0,,,
8/13/2021 14:15,0,,,
8/13/2021 14:00,0,,,
8/13/2021 13:45,0,,,
8/13/2021 13:30,0,,,
8/13/2021 13:15,0,,,
8/13/2021 13:00,0,,,
8/13/2021 12:45,0,,,
8/13/2021 12:30,0,,,
8/13/2021 12:15,0,,,
8/13/2021 12:00,0,,,
8/13/2021 11:45,0,,,
8/13/2021 11:30,0,,,
8/13/2021 11:15,0,,,
8/13/2021 11:00,0,,,
8/13/2021 10:45,0,,,
8/13/2021 10:30,0,,,
8/13/2021 10:15,0,,,
8/13/2021 10:00,0,,,
8/13/2021 9:45,0,,,
8/13/2021 9:30,0,,,
8/13/2021 9:15,0,,,
8/13/2021 9:00,0,,,
8/13/2021 8:45,0,,,
8/13/2021 8:30,0,,,
8/13/2021 8:15,0,,,
8/13/2021 8:00,0,,,
8/13/2021 7:45,0,,,
8/13/2021 7:30,0,,,
8/13/2021 7:15,0,,,
8/13/2021 7:00,0,,,
8/13/2021 6:45,0,,,
8/13/2021 6:30,0,,,
8/13/2021 6:15,0,,,
8/13/2021 6:00,0,,,
8/13/2021 5:45,0,,,
8/13/2021 5:30,0,,,
8/13/2021 5:15,0,,,
8/13/2021 5:00,0,,,
8/13/2021 4:45,0,,,
8/13/2021 4:30,0,,,
8/13/2021 4:15,0,,,
8/13/2021 4:00,0,,,
8/13/2021 3:45,0,,,
8/13/2021 3:30,0,,,
8/13/2021 3:15,0,,,
8/13/2021 3:00,0,,,
8/13/2021 2:45,0,,,
8/13/2021 2:30,0,,,
8/13/2021 2:15,0,,,
8/13/2021 2:00,0,,,
8/13/2021 1:45,0,,,
8/13/2021 1:30,0,,,
8/13/2021 1:15,0,,,
8/13/2021 1:00,0,,,
8/13/2021 0:45,0,,,
8/13/2021 0:30,0,,,
8/13/2021 0:15,0,,,
8/13/2021 0:00,0,,,
8/12/2021 23:45,0,,,
8/12/2021 23:30,0,,,
8/12/2021 23:15,0,,,
8/12/2021 23:00,0,,,
8/12/2021 22:45,0,,,
8/12/2021 22:30,0,,,
8/12/2021 22:15,0,,,
8/12/2021 22:00,0,,,
8/12/2021 21:45,0,,,
8/12/2021 21:30,0,,,
8/12/2021 21:15,0,,,
8/12/2021 21:00,0,,,
8/12/2021 20:45,0,,,
8/12/2021 20:30,0,,,
8/12/2021 20:15,0,,,
8/12/2021 20:00,0,,,
8/12/2021 19:45,0,,,
8/12/2021 19:30,0,,,
8/12/2021 19:15,0,,,
8/12/2021 19:00,0,,,
8/12/2021 18:45,0,,,
8/12/2021 18:30,0,,,
8/12/2021 18:15,0,,,
8/12/2021 18:00,0,,,
8/12/2021 17:45,0,,,
8/12/2021 17:30,0,,,
8/12/2021 17:15,0,,,
8/12/2021 17:00,0,,,
8/12/2021 16:45,0,,,
8/12/2021 16:30,0,,,
8/12/2021 16:15,0,,,
8/12/2021 16:00,0,,,
8/12/2021 15:45,0,,,
8/12/2021 15:30,0,,,
8/12/2021 15:15,0,,,
8/12/2021 15:00,0,,,
8/12/2021 14:45,0,,,
8/12/2021 14:30,0,,,
8/12/2021 14:15,0,,,
8/12/2021 14:00,0,,,
8/12/2021 13:45,0,,,
8/12/2021 13:30,0,,,
8/12/2021 13:15,0,,,
8/12/2021 13:00,0,,,
8/12/2021 12:45,0,,,
8/12/2021 12:30,0,,,
8/12/2021 12:15,0,,,
8/12/2021 12:00,0,,,
8/12/2021 11:45,0,,,
8/12/2021 11:30,0,,,
8/12/2021 11:15,0,,,
8/12/2021 11:00,0,,,
8/12/2021 10:45,0,,,
8/12/2021 10:30,0,,,
8/12/2021 10:15,0,,,
8/12/2021 10:00,0,,,
8/12/2021 9:45,0,,,
8/12/2021 9:30,0,,,
8/12/2021 9:15,0,,,
8/12/2021 9:00,0,,,
8/12/2021 8:45,0,,,
8/12/2021 8:30,0,,,
8/12/2021 8:15,0,,,
8/12/2021 8:00,0,,,
8/12/2021 7:45,0,,,
8/12/2021 7:30,0,,,
8/12/2021 7:15,0,,,
8/12/2021 7:00,0,,,
8/12/2021 6:45,0,,,
8/12/2021 6:30,0,,,
8/12/2021 6:15,0,,,
8/12/2021 6:00,0,,,
8/12/2021 5:45,0,,,
8/12/2021 5:30,0,,,
8/12/2021 5:15,0,,,
8/12/2021 5:00,0,,,
8/12/2021 4:45,0,,,
8/12/2021 4:30,0,,,
8/12/2021 4:15,0,,,
8/12/2021 4:00,0,,,
8/12/2021 3:45,0,,,
8/12/2021 3:30,0,,,
8/12/2021 3:15,0,,,
8/12/2021 3:00,0,,,
8/12/2021 2:45,0,,,
8/12/2021 2:30,0,,,
8/12/2021 2:15,0,,,
8/12/2021 2:00,0,,,
8/12/2021 1:45,0,,,
8/12/2021 1:30,0,,,
8/12/2021 1:15,0,,,
8/12/2021 1:00,0,,,
8/12/2021 0:45,0,,,
8/12/2021 0:30,0,,,
8/12/2021 0:15,0,,,
8/12/2021 0:00,0,,,
8/11/2021 23:45,0,,,
8/11/2021 23:30,0,,,
8/11/2021 23:15,0,,,
8/11/2021 23:00,0,,,
8/11/2021 22:45,0,,,
8/11/2021 22:30,0,,,
8/11/2021 22:15,0,,,
8/11/2021 22:00,0,,,
8/11/2021 21:45,0,,,
8/11/2021 21:30,0,,,
8/11/2021 21:15,0,,,
8/11/2021 21:00,0,,,
8/11/2021 20:45,0,,,
8/11/2021 20:30,0,,,
8/11/2021 20:15,0,,,
8/11/2021 20:00,0,,,
8/11/2021 19:45,0,,,
8/11/2021 19:30,0,,,
8/11/2021 19:15,0,,,
8/11/2021 19:00,0,,,
8/11/2021 18:45,0,,,
8/11/2021 18:30,0,,,
8/11/2021 18:15,0,,,
8/11/2021 18:00,0,,,
8/11/2021 17:45,0,,,
8/11/2021 17:30,0,,,
8/11/2021 17:15,0,,,
8/11/2021 17:00,0,,,
8/11/2021 16:45,0,,,
8/11/2021 16:30,0,,,
8/11/2021 16:15,0,,,
8/11/2021 16:00,0,,,
8/11/2021 15:45,0,,,
8/11/2021 15:30,0,,,
8/11/2021 15:15,0,,,
8/11/2021 15:00,0,,,
8/11/2021 14:45,0,,,
8/11/2021 14:30,0,,,
8/11/2021 14:15,0,,,
8/11/2021 14:00,0,,,
8/11/2021 13:45,0,,,
8/11/2021 13:30,0,,,
8/11/2021 13:15,0,,,
8/11/2021 13:00,0,,,
8/11/2021 12:45,0,,,
8/11/2021 12:30,0,,,
8/11/2021 12:15,0,,,
8/11/2021 12:00,0,,,
8/11/2021 11:45,0,,,
8/11/2021 11:30,0,,,
8/11/2021 11:15,0,,,
8/11/2021 11:00,0,,,
8/11/2021 10:45,0,,,
8/11/2021 10:30,0,,,
8/11/2021 10:15,0,,,
8/11/2021 10:00,0,,,
8/11/2021 9:45,0,,,
8/11/2021 9:30,0,,,
8/11/2021 9:15,0,,,
8/11/2021 9:00,0,,,
8/11/2021 8:45,0,,,
8/11/2021 8:30,0,,,
8/11/2021 8:15,0,,,
8/11/2021 8:00,0,,,
8/11/2021 7:45,0,,,
8/11/2021 7:30,0,,,
8/11/2021 7:15,0,,,
8/11/2021 7:00,0,,,
8/11/2021 6:45,0,,,
8/11/2021 6:30,0,,,
8/11/2021 6:15,0,,,
8/11/2021 6:00,0,,,
8/11/2021 5:45,0,,,
8/11/2021 5:30,0,,,
8/11/2021 5:15,0,,,
8/11/2021 5:00,0,,,
8/11/2021 4:45,0,,,
8/11/2021 4:30,0,,,
8/11/2021 4:15,0,,,
8/11/2021 4:00,0,,,
8/11/2021 3:45,0,,,
8/11/2021 3:30,0,,,
8/11/2021 3:15,0,,,
8/11/2021 3:00,0,,,
8/11/2021 2:45,0,,,
8/11/2021 2:30,0,,,
8/11/2021 2:15,0,,,
8/11/2021 2:00,0,,,
8/11/2021 1:45,0,,,
8/11/2021 1:30,0,,,
8/11/2021 1:15,0,,,
8/11/2021 1:00,0,,,
8/11/2021 0:45,0,,,
8/11/2021 0:30,0,,,
8/11/2021 0:15,0,,,
8/11/2021 0:00,0,,,
8/10/2021 23:45,0,,,
8/10/2021 23:30,0,,,
8/10/2021 23:15,0,,,
8/10/2021 23:00,0,,,
8/10/2021 22:45,0,,,
8/10/2021 22:30,0,,,
8/10/2021 22:15,0,,,
8/10/2021 22:00,0,,,
8/10/2021 21:45,0,,,
8/10/2021 21:30,0,,,
8/10/2021 21:15,0,,,
8/10/2021 21:00,0,,,
8/10/2021 20:45,0,,,
8/10/2021 20:30,0,,,
8/10/2021 20:15,0,,,
8/10/2021 20:00,0,,,
8/10/2021 19:45,0,,,
8/10/2021 19:30,0,,,
8/10/2021 19:15,0,,,
8/10/2021 19:00,0,,,
8/10/2021 18:45,0,,,
8/10/2021 18:30,0,,,
8/10/2021 18:15,0,,,
8/10/2021 18:00,0,,,
8/10/2021 17:45,0,,,
8/10/2021 17:30,0,,,
8/10/2021 17:15,0,,,
8/10/2021 17:00,0,,,
8/10/2021 16:45,0,,,
8/10/2021 16:30,0,,,
8/10/2021 16:15,0,,,
8/10/2021 16:00,0,,,
8/10/2021 15:45,0,,,
8/10/2021 15:30,0,,,
8/10/2021 15:15,0,,,
8/10/2021 15:00,0,,,
8/10/2021 14:45,0,,,
8/10/2021 14:30,0,,,
8/10/2021 14:15,0,,,
8/10/2021 14:00,0,,,
8/10/2021 13:45,0,,,
8/10/2021 13:30,0,,,
8/10/2021 13:15,0,,,
8/10/2021 13:00,0,,,
8/10/2021 12:45,0,,,
8/10/2021 12:30,0,,,
8/10/2021 12:15,0,,,
8/10/2021 12:00,0,,,
8/10/2021 11:45,0,,,
8/10/2021 11:30,0,,,
8/10/2021 11:15,0,,,
8/10/2021 11:00,0,,,
8/10/2021 10:45,0,,,
8/10/2021 10:30,0,,,
8/10/2021 10:15,0,,,
8/10/2021 10:00,0,,,
8/10/2021 9:45,0,,,
8/10/2021 9:30,0,,,
8/10/2021 9:15,0,,,
8/10/2021 9:00,0,,,
8/10/2021 8:45,0,,,
8/10/2021 8:30,0,,,
8/10/2021 8:15,0,,,
8/10/2021 8:00,0,,,
8/10/2021 7:45,0,,,
8/10/2021 7:30,0,,,
8/10/2021 7:15,0,,,
8/10/2021 7:00,0,,,
8/10/2021 6:45,0,,,
8/10/2021 6:30,0,,,
8/10/2021 6:15,0,,,
8/10/2021 6:00,0,,,
8/10/2021 5:45,0,,,
8/10/2021 5:30,0,,,
8/10/2021 5:15,0,,,
8/10/2021 5:00,0,,,
8/10/2021 4:45,0,,,
8/10/2021 4:30,0,,,
8/10/2021 4:15,0,,,
8/10/2021 4:00,0,,,
8/10/2021 3:45,0,,,
8/10/2021 3:30,0,,,
8/10/2021 3:15,0,,,
8/10/2021 3:00,0,,,
8/10/2021 2:45,0,,,
8/10/2021 2:30,0,,,
8/10/2021 2:15,0,,,
8/10/2021 2:00,0,,,
8/10/2021 1:45,0,,,
8/10/2021 1:30,0,,,
8/10/2021 1:15,0,,,
8/10/2021 1:00,0,,,
8/10/2021 0:45,0,,,
8/10/2021 0:30,0,,,
8/10/2021 0:15,0,,,
8/10/2021 0:00,0,,,
8/9/2021 23:45,0,,,
8/9/2021 23:30,0,,,
8/9/2021 23:15,0,,,
8/9/2021 23:00,0,,,
8/9/2021 22:45,0,,,
8/9/2021 22:30,0,,,
8/9/2021 22:15,0,,,
8/9/2021 22:00,0,,,
8/9/2021 21:45,0,,,
8/9/2021 21:30,0,,,
8/9/2021 21:15,0,,,
8/9/2021 21:00,0,,,
8/9/2021 20:45,0,,,
8/9/2021 20:30,0,,,
8/9/2021 20:15,0,,,
8/9/2021 20:00,0,,,
8/9/2021 19:45,0,,,
8/9/2021 19:30,0,,,
8/9/2021 19:15,0,,,
8/9/2021 19:00,0,,,
8/9/2021 18:45,0,,,
8/9/2021 18:30,0,,,
8/9/2021 18:15,0,,,
8/9/2021 18:00,0,,,
8/9/2021 17:45,0,,,
8/9/2021 17:30,0,,,
8/9/2021 17:15,0,,,
8/9/2021 17:00,0,,,
8/9/2021 16:45,0,,,
8/9/2021 16:30,0,,,
8/9/2021 16:15,0,,,
8/9/2021 16:00,0,,,
8/9/2021 15:45,0,,,
8/9/2021 15:30,0,,,
8/9/2021 15:15,0,,,
8/9/2021 15:00,0,,,
8/9/2021 14:45,0,,,
8/9/2021 14:30,0,,,
8/9/2021 14:15,0,,,
8/9/2021 14:00,0,,,
8/9/2021 13:45,0,,,
8/9/2021 13:30,0,,,
8/9/2021 13:15,0,,,
8/9/2021 13:00,0,,,
8/9/2021 12:45,0,,,
8/9/2021 12:30,0,,,
8/9/2021 12:15,0,,,
8/9/2021 12:00,0,,,
8/9/2021 11:45,0,,,
8/9/2021 11:30,0,,,
8/9/2021 11:15,0,,,
8/9/2021 11:00,0,,,
8/9/2021 10:45,0,,,
8/9/2021 10:30,0,,,
8/9/2021 10:15,0,,,
8/9/2021 10:00,0,,,
8/9/2021 9:45,0,,,
8/9/2021 9:30,0,,,
8/9/2021 9:15,0,,,
8/9/2021 9:00,0,,,
8/9/2021 8:45,0,,,
8/9/2021 8:30,0,,,
8/9/2021 8:15,0,,,
8/9/2021 8:00,0,,,
8/9/2021 7:45,0,,,
8/9/2021 7:30,0,,,
8/9/2021 7:15,0,,,
8/9/2021 7:00,0,,,
8/9/2021 6:45,0,,,
8/9/2021 6:30,0,,,
8/9/2021 6:15,0,,,
8/9/2021 6:00,0,,,
8/9/2021 5:45,0,,,
8/9/2021 5:30,0,,,
8/9/2021 5:15,0,,,
8/9/2021 5:00,0,,,
8/9/2021 4:45,0,,,
8/9/2021 4:30,0,,,
8/9/2021 4:15,0,,,
8/9/2021 4:00,0,,,
8/9/2021 3:45,0,,,
8/9/2021 3:30,0,,,
8/9/2021 3:15,0,,,
8/9/2021 3:00,0,,,
8/9/2021 2:45,0,,,
8/9/2021 2:30,0,,,
8/9/2021 2:15,0,,,
8/9/2021 2:00,0,,,
8/9/2021 1:45,0,,,
8/9/2021 1:30,0,,,
8/9/2021 1:15,0,,,
8/9/2021 1:00,0,,,
8/9/2021 0:45,0,,,
8/9/2021 0:30,0,,,
8/9/2021 0:15,0,,,
8/9/2021 0:00,0,,,
8/8/2021 23:45,0,,,
8/8/2021 23:30,0,,,
8/8/2021 23:15,0,,,
8/8/2021 23:00,0,,,
8/8/2021 22:45,0,,,
8/8/2021 22:30,0,,,
8/8/2021 22:15,0,,,
8/8/2021 22:00,0,,,
8/8/2021 21:45,0,,,
8/8/2021 21:30,0,,,
8/8/2021 21:15,0,,,
8/8/2021 21:00,0,,,
8/8/2021 20:45,0,,,
8/8/2021 20:30,0,,,
8/8/2021 20:15,0,,,
8/8/2021 20:00,0,,,
8/8/2021 19:45,0,,,
8/8/2021 19:30,0,,,
8/8/2021 19:15,0,,,
8/8/2021 19:00,0,,,
8/8/2021 18:45,0,,,
8/8/2021 18:30,0,,,
8/8/2021 18:15,0,,,
8/8/2021 18:00,0,,,
8/8/2021 17:45,0,,,
8/8/2021 17:30,0,,,
8/8/2021 17:15,0,,,
8/8/2021 17:00,0,,,
8/8/2021 16:45,0,,,
8/8/2021 16:30,0,,,
8/8/2021 16:15,0,,,
8/8/2021 16:00,0,,,
8/8/2021 15:45,0,,,
8/8/2021 15:30,0,,,
8/8/2021 15:15,0,,,
8/8/2021 15:00,0,,,
8/8/2021 14:45,0,,,
8/8/2021 14:30,0,,,
8/8/2021 14:15,0,,,
8/8/2021 14:00,0,,,
8/8/2021 13:45,0,,,
8/8/2021 13:30,0,,,
8/8/2021 13:15,0,,,
8/8/2021 13:00,0,,,
8/8/2021 12:45,0,,,
8/8/2021 12:30,0,,,
8/8/2021 12:15,0,,,
8/8/2021 12:00,0,,,
8/8/2021 11:45,0,,,
8/8/2021 11:30,0,,,
8/8/2021 11:15,0,,,
8/8/2021 11:00,0,,,
8/8/2021 10:45,0,,,
8/8/2021 10:30,0,,,
8/8/2021 10:15,0,,,
8/8/2021 10:00,0,,,
8/8/2021 9:45,0,,,
8/8/2021 9:30,0,,,
8/8/2021 9:15,0,,,
8/8/2021 9:00,0,,,
8/8/2021 8:45,0,,,
8/8/2021 8:30,0,,,
8/8/2021 8:15,0,,,
8/8/2021 8:00,0,,,
8/8/2021 7:45,0,,,
8/8/2021 7:30,0,,,
8/8/2021 7:15,0,,,
8/8/2021 7:00,0,,,
8/8/2021 6:45,0,,,
8/8/2021 6:30,0,,,
8/8/2021 6:15,0,,,
8/8/2021 6:00,0,,,
8/8/2021 5:45,0,,,
8/8/2021 5:30,0,,,
8/8/2021 5:15,0,,,
8/8/2021 5:00,0,,,
8/8/2021 4:45,0,,,
8/8/2021 4:30,0,,,
8/8/2021 4:15,0,,,
8/8/2021 4:00,0,,,
8/8/2021 3:45,0,,,
8/8/2021 3:30,0,,,
8/8/2021 3:15,0,,,
8/8/2021 3:00,0,,,
8/8/2021 2:45,0,,,
8/8/2021 2:30,0,,,
8/8/2021 2:15,0,,,
8/8/2021 2:00,0,,,
8/8/2021 1:45,0,,,
8/8/2021 1:30,0,,,
8/8/2021 1:15,0,,,
8/8/2021 1:00,0,,,
8/8/2021 0:45,0,,,
8/8/2021 0:30,0,,,
8/8/2021 0:15,0,,,
8/8/2021 0:00,0,,,
8/7/2021 23:45,0,,,
8/7/2021 23:30,0,,,
8/7/2021 23:15,0,,,
8/7/2021 23:00,0,,,
8/7/2021 22:45,0,,,
8/7/2021 22:30,0,,,
8/7/2021 22:15,0,,,
8/7/2021 22:00,0,,,
8/7/2021 21:45,0,,,
8/7/2021 21:30,0,,,
8/7/2021 21:15,0,,,
8/7/2021 21:00,0,,,
8/7/2021 20:45,0,,,
8/7/2021 20:30,0,,,
8/7/2021 20:15,0,,,
8/7/2021 20:00,0,,,
8/7/2021 19:45,0,,,
8/7/2021 19:30,0,,,
8/7/2021 19:15,0,,,
8/7/2021 19:00,0,,,
8/7/2021 18:45,0,,,
8/7/2021 18:30,0,,,
8/7/2021 18:15,0,,,
8/7/2021 18:00,0,,,
8/7/2021 17:45,0,,,
8/7/2021 17:30,0,,,
8/7/2021 17:15,0,,,
8/7/2021 17:00,0,,,
8/7/2021 16:45,0,,,
8/7/2021 16:30,0,,,
8/7/2021 16:15,0,,,
8/7/2021 16:00,0,,,
8/7/2021 15:45,0,,,
8/7/2021 15:30,0,,,
8/7/2021 15:15,0,,,
8/7/2021 15:00,0,,,
8/7/2021 14:45,0,,,
8/7/2021 14:30,0,,,
8/7/2021 14:15,0,,,
8/7/2021 14:00,0,,,
8/7/2021 13:45,0,,,
8/7/2021 13:30,0,,,
8/7/2021 13:15,0,,,
8/7/2021 13:00,0,,,
8/7/2021 12:45,0,,,
8/7/2021 12:30,0,,,
8/7/2021 12:15,0,,,
8/7/2021 12:00,0,,,
8/7/2021 11:45,0,,,
8/7/2021 11:30,0,,,
8/7/2021 11:15,0,,,
8/7/2021 11:00,0,,,
8/7/2021 10:45,0,,,
8/7/2021 10:30,0,,,
8/7/2021 10:15,0,,,
8/7/2021 10:00,0,,,
8/7/2021 9:45,0,,,
8/7/2021 9:30,0,,,
8/7/2021 9:15,0,,,
8/7/2021 9:00,0,,,
8/7/2021 8:45,0,,,
8/7/2021 8:30,0,,,
8/7/2021 8:15,0,,,
8/7/2021 8:00,0,,,
8/7/2021 7:45,0,,,
8/7/2021 7:30,0,,,
8/7/2021 7:15,0,,,
8/7/2021 7:00,0,,,
8/7/2021 6:45,0,,,
8/7/2021 6:30,0,,,
8/7/2021 6:15,0,,,
8/7/2021 6:00,0,,,
8/7/2021 5:45,0,,,
8/7/2021 5:30,0,,,
8/7/2021 5:15,0,,,
8/7/2021 5:00,0,,,
8/7/2021 4:45,0,,,
8/7/2021 4:30,0,,,
8/7/2021 4:15,0,,,
8/7/2021 4:00,0,,,
8/7/2021 3:45,0,,,
8/7/2021 3:30,0,,,
8/7/2021 3:15,0,,,
8/7/2021 3:00,0,,,
8/7/2021 2:45,0,,,
8/7/2021 2:30,0,,,
8/7/2021 2:15,0,,,
8/7/2021 2:00,0,,,
8/7/2021 1:45,0,,,
8/7/2021 1:30,0,,,
8/7/2021 1:15,0,,,
8/7/2021 1:00,0,,,
8/7/2021 0:45,0,,,
8/7/2021 0:30,0,,,
8/7/2021 0:15,0,,,
8/7/2021 0:00,0,,,
8/6/2021 23:45,0,,,
8/6/2021 23:30,0,,,
8/6/2021 23:15,0,,,
8/6/2021 23:00,0,,,
8/6/2021 22:45,0,,,
8/6/2021 22:30,0,,,
8/6/2021 22:15,0,,,
8/6/2021 22:00,0,,,
8/6/2021 21:45,0,,,
8/6/2021 21:30,0,,,
8/6/2021 21:15,0,,,
8/6/2021 21:00,0,,,
8/6/2021 20:45,0,,,
8/6/2021 20:30,0,,,
8/6/2021 20:15,0,,,
8/6/2021 20:00,0,,,
8/6/2021 19:45,0,,,
8/6/2021 19:30,0,,,
8/6/2021 19:15,0,,,
8/6/2021 19:00,0,,,
8/6/2021 18:45,0,,,
8/6/2021 18:30,0,,,
8/6/2021 18:15,0,,,
8/6/2021 18:00,0,,,
8/6/2021 17:45,0,,,
8/6/2021 17:30,0,,,
8/6/2021 17:15,0,,,
8/6/2021 17:00,0,,,
8/6/2021 16:45,0,,,
8/6/2021 16:30,0,,,
8/6/2021 16:15,0,,,
8/6/2021 16:00,0,,,
8/6/2021 15:45,0,,,
8/6/2021 15:30,0,,,
8/6/2021 15:15,0,,,
8/6/2021 15:00,0,,,
8/6/2021 14:45,0,,,
8/6/2021 14:30,0,,,
8/6/2021 14:15,0,,,
8/6/2021 14:00,0,,,
8/6/2021 13:45,0,,,
8/6/2021 13:30,0,,,
8/6/2021 13:15,0,,,
8/6/2021 13:00,0,,,
8/6/2021 12:45,0,,,
8/6/2021 12:30,0,,,
8/6/2021 12:15,0,,,
8/6/2021 12:00,0,,,
8/6/2021 11:45,0,,,
8/6/2021 11:30,0,,,
8/6/2021 11:15,0,,,
8/6/2021 11:00,0,,,
8/6/2021 10:45,0,,,
8/6/2021 10:30,0,,,
8/6/2021 10:15,0,,,
8/6/2021 10:00,0,,,
8/6/2021 9:45,0,,,
8/6/2021 9:30,0,,,
8/6/2021 9:15,0,,,
8/6/2021 9:00,0,,,
8/6/2021 8:45,0,,,
8/6/2021 8:30,0,,,
8/6/2021 8:15,0,,,
8/6/2021 8:00,0,,,
8/6/2021 7:45,0,,,
8/6/2021 7:30,0,,,
8/6/2021 7:15,0,,,
8/6/2021 7:00,0,,,
8/6/2021 6:45,0,,,
8/6/2021 6:30,0,,,
8/6/2021 6:15,0,,,
8/6/2021 6:00,0,,,
8/6/2021 5:45,0,,,
8/6/2021 5:30,0,,,
8/6/2021 5:15,0,,,
8/6/2021 5:00,0,,,
8/6/2021 4:45,0,,,
8/6/2021 4:30,0,,,
8/6/2021 4:15,0,,,
8/6/2021 4:00,0,,,
8/6/2021 3:45,0,,,
8/6/2021 3:30,0,,,
8/6/2021 3:15,0,,,
8/6/2021 3:00,0,,,
8/6/2021 2:45,0,,,
8/6/2021 2:30,0,,,
8/6/2021 2:15,0,,,
8/6/2021 2:00,0,,,
8/6/2021 1:45,0,,,
8/6/2021 1:30,0,,,
8/6/2021 1:15,0,,,
8/6/2021 1:00,0,,,
8/6/2021 0:45,0,,,
8/6/2021 0:30,0,,,
8/6/2021 0:15,0,,,
8/6/2021 0:00,0,,,
8/5/2021 23:45,0,,,
8/5/2021 23:30,0,,,
8/5/2021 23:15,0,,,
8/5/2021 23:00,0,,,
8/5/2021 22:45,0,,,
8/5/2021 22:30,0,,,
8/5/2021 22:15,0,,,
8/5/2021 22:00,0,,,
8/5/2021 21:45,0,,,
8/5/2021 21:30,0,,,
8/5/2021 21:15,0,,,
8/5/2021 21:00,0,,,
8/5/2021 20:45,0,,,
8/5/2021 20:30,0,,,
8/5/2021 20:15,0,,,
8/5/2021 20:00,0,,,
8/5/2021 19:45,0,,,
8/5/2021 19:30,0,,,
8/5/2021 19:15,0,,,
8/5/2021 19:00,0,,,
8/5/2021 18:45,0,,,
8/5/2021 18:30,0,,,
8/5/2021 18:15,0,,,
8/5/2021 18:00,0,,,
8/5/2021 17:45,0,,,
8/5/2021 17:30,0,,,
8/5/2021 17:15,0,,,
8/5/2021 17:00,0,,,
8/5/2021 16:45,0,,,
8/5/2021 16:30,0,,,
8/5/2021 16:15,0,,,
8/5/2021 16:00,0,,,
8/5/2021 15:45,0,,,
8/5/2021 15:30,0,,,
8/5/2021 15:15,0,,,
8/5/2021 15:00,0,,,
8/5/2021 14:45,0,,,
8/5/2021 14:30,0,,,
8/5/2021 14:15,0,,,
8/5/2021 14:00,0,,,
8/5/2021 13:45,0,,,
8/5/2021 13:30,0,,,
8/5/2021 13:15,0,,,
8/5/2021 13:00,0,,,
8/5/2021 12:45,0,,,
8/5/2021 12:30,0,,,
8/5/2021 12:15,0,,,
8/5/2021 12:00,0,,,
8/5/2021 11:45,0,,,
8/5/2021 11:30,0,,,
8/5/2021 11:15,0,,,
8/5/2021 11:00,0,,,
8/5/2021 10:45,0,,,
8/5/2021 10:30,0,,,
8/5/2021 10:15,0,,,
8/5/2021 10:00,0,,,
8/5/2021 9:45,0,,,
8/5/2021 9:30,0,,,
8/5/2021 9:15,0,,,
8/5/2021 9:00,0,,,
8/5/2021 8:45,0,,,
8/5/2021 8:30,0,,,
8/5/2021 8:15,0,,,
8/5/2021 8:00,0,,,
8/5/2021 7:45,0,,,
8/5/2021 7:30,0,,,
8/5/2021 7:15,0,,,
8/5/2021 7:00,0,,,
8/5/2021 6:45,0,,,
8/5/2021 6:30,0,,,
8/5/2021 6:15,0,,,
8/5/2021 6:00,0,,,
8/5/2021 5:45,0,,,
8/5/2021 5:30,0,,,
8/5/2021 5:15,0,,,
8/5/2021 5:00,0,,,
8/5/2021 4:45,0,,,
8/5/2021 4:30,0,,,
8/5/2021 4:15,0,,,
8/5/2021 4:00,0,,,
8/5/2021 3:45,0,,,
8/5/2021 3:30,0,,,
8/5/2021 3:15,0,,,
8/5/2021 3:00,0,,,
8/5/2021 2:45,0,,,
8/5/2021 2:30,0,,,
8/5/2021 2:15,0,,,
8/5/2021 2:00,0,,,
8/5/2021 1:45,0,,,
8/5/2021 1:30,0,,,
8/5/2021 1:15,0,,,
8/5/2021 1:00,0,,,
8/5/2021 0:45,0,,,
8/5/2021 0:30,0,,,
8/5/2021 0:15,0,,,
8/5/2021 0:00,0,,,
8/4/2021 23:45,0,,,
8/4/2021 23:30,0,,,
8/4/2021 23:15,0,,,
8/4/2021 23:00,0,,,
8/4/2021 22:45,0,,,
8/4/2021 22:30,0,,,
8/4/2021 22:15,0,,,
8/4/2021 22:00,0,,,
8/4/2021 21:45,0,,,
8/4/2021 21:30,0,,,
8/4/2021 21:15,0,,,
8/4/2021 21:00,0,,,
8/4/2021 20:45,0,,,
8/4/2021 20:30,0,,,
8/4/2021 20:15,0,,,
8/4/2021 20:00,0,,,
8/4/2021 19:45,0,,,
8/4/2021 19:30,0,,,
8/4/2021 19:15,0,,,
8/4/2021 19:00,0,,,
8/4/2021 18:45,0,,,
8/4/2021 18:30,0,,,
8/4/2021 18:15,0,,,
8/4/2021 18:00,0,,,
8/4/2021 17:45,0,,,
8/4/2021 17:30,0,,,
8/4/2021 17:15,0,,,
8/4/2021 17:00,0,,,
8/4/2021 16:45,0,,,
8/4/2021 16:30,0,,,
8/4/2021 16:15,0,,,
8/4/2021 16:00,0,,,
8/4/2021 15:45,0,,,
8/4/2021 15:30,0,,,
8/4/2021 15:15,0,,,
8/4/2021 15:00,0,,,
8/4/2021 14:45,0,,,
8/4/2021 14:30,0,,,
8/4/2021 14:15,0,,,
8/4/2021 14:00,0,,,
8/4/2021 13:45,0,,,
8/4/2021 13:30,0,,,
8/4/2021 13:15,0,,,
8/4/2021 13:00,0,,,
8/4/2021 12:45,0,,,
8/4/2021 12:30,0,,,
8/4/2021 12:15,0,,,
8/4/2021 12:00,0,,,
8/4/2021 11:45,0,,,
8/4/2021 11:30,0,,,
8/4/2021 11:15,0,,,
8/4/2021 11:00,0,,,
8/4/2021 10:45,0,,,
8/4/2021 10:30,0,,,
8/4/2021 10:15,0,,,
8/4/2021 10:00,0,,,
8/4/2021 9:45,0,,,
8/4/2021 9:30,0,,,
8/4/2021 9:15,0,,,
8/4/2021 9:00,0,,,
8/4/2021 8:45,0,,,
8/4/2021 8:30,0,,,
8/4/2021 8:15,0,,,
8/4/2021 8:00,0,,,
8/4/2021 7:45,0,,,
8/4/2021 7:30,0,,,
8/4/2021 7:15,0,,,
8/4/2021 7:00,0,,,
8/4/2021 6:45,0,,,
8/4/2021 6:30,0,,,
8/4/2021 6:15,0,,,
8/4/2021 6:00,0,,,
8/4/2021 5:45,0,,,
8/4/2021 5:30,0,,,
8/4/2021 5:15,0,,,
8/4/2021 5:00,0,,,
8/4/2021 4:45,0,,,
8/4/2021 4:30,0,,,
8/4/2021 4:15,0,,,
8/4/2021 4:00,0,,,
8/4/2021 3:45,0,,,
8/4/2021 3:30,0,,,
8/4/2021 3:15,0,,,
8/4/2021 3:00,0,,,
8/4/2021 2:45,0,,,
8/4/2021 2:30,0,,,
8/4/2021 2:15,0,,,
8/4/2021 2:00,0,,,
8/4/2021 1:45,0,,,
8/4/2021 1:30,0,,,
8/4/2021 1:15,0,,,
8/4/2021 1:00,0,,,
8/4/2021 0:45,0,,,
8/4/2021 0:30,0,,,
8/4/2021 0:15,0,,,
8/4/2021 0:00,0,,,
8/3/2021 23:45,0,,,
8/3/2021 23:30,0,,,
8/3/2021 23:15,0,,,
8/3/2021 23:00,0,,,
8/3/2021 22:45,0,,,
8/3/2021 22:30,0,,,
8/3/2021 22:15,0,,,
8/3/2021 22:00,0,,,
8/3/2021 21:45,0,,,
8/3/2021 21:30,0,,,
8/3/2021 21:15,0,,,
8/3/2021 21:00,0,,,
8/3/2021 20:45,0,,,
8/3/2021 20:30,0,,,
8/3/2021 20:15,0,,,
8/3/2021 20:00,0,,,
8/3/2021 19:45,0,,,
8/3/2021 19:30,0,,,
8/3/2021 19:15,0,,,
8/3/2021 19:00,0,,,
8/3/2021 18:45,0,,,
8/3/2021 18:30,0,,,
8/3/2021 18:15,0,,,
8/3/2021 18:00,0,,,
8/3/2021 17:45,0,,,
8/3/2021 17:30,0,,,
8/3/2021 17:15,0,,,
8/3/2021 17:00,0,,,
8/3/2021 16:45,0,,,
8/3/2021 16:30,0,,,
8/3/2021 16:15,0,,,
8/3/2021 16:00,0,,,
8/3/2021 15:45,0,,,
8/3/2021 15:30,0,,,
8/3/2021 15:15,0,,,
8/3/2021 15:00,0,,,
8/3/2021 14:45,0,,,
8/3/2021 14:30,0,,,
8/3/2021 14:15,0,,,
8/3/2021 14:00,0,,,
8/3/2021 13:45,0,,,
8/3/2021 13:30,0,,,
8/3/2021 13:15,0,,,
8/3/2021 13:00,0,,,
8/3/2021 12:45,0,,,
8/3/2021 12:30,0,,,
8/3/2021 12:15,0,,,
8/3/2021 12:00,0,,,
8/3/2021 11:45,0,,,
8/3/2021 11:30,0,,,
8/3/2021 11:15,0,,,
8/3/2021 11:00,0,,,
8/3/2021 10:45,0,,,
8/3/2021 10:30,0,,,
8/3/2021 10:15,0,,,
8/3/2021 10:00,0,,,
8/3/2021 9:45,0,,,
8/3/2021 9:30,0,,,
8/3/2021 9:15,0,,,
8/3/2021 9:00,0,,,
8/3/2021 8:45,0,,,
8/3/2021 8:30,0,,,
8/3/2021 8:15,0,,,
8/3/2021 8:00,0,,,
8/3/2021 7:45,0,,,
8/3/2021 7:30,0,,,
8/3/2021 7:15,0,,,
8/3/2021 7:00,0,,,
8/3/2021 6:45,0,,,
8/3/2021 6:30,0,,,
8/3/2021 6:15,0,,,
8/3/2021 6:00,0,,,
8/3/2021 5:45,0,,,
8/3/2021 5:30,0,,,
8/3/2021 5:15,0,,,
8/3/2021 5:00,0,,,
8/3/2021 4:45,0,,,
8/3/2021 4:30,0,,,
8/3/2021 4:15,0,,,
8/3/2021 4:00,0,,,
8/3/2021 3:45,0,,,
8/3/2021 3:30,0,,,
8/3/2021 3:15,0,,,
8/3/2021 3:00,0,,,
8/3/2021 2:45,0,,,
8/3/2021 2:30,0,,,
8/3/2021 2:15,0,,,
8/3/2021 2:00,0,,,
8/3/2021 1:45,0,,,
8/3/2021 1:30,0,,,
8/3/2021 1:15,0,,,
8/3/2021 1:00,0,,,
8/3/2021 0:45,0,,,
8/3/2021 0:30,0,,,
8/3/2021 0:15,0,,,
8/3/2021 0:00,0,,,
8/2/2021 23:45,0,,,
8/2/2021 23:30,0,,,
8/2/2021 23:15,0,,,
8/2/2021 23:00,0,,,
8/2/2021 22:45,0,,,
8/2/2021 22:30,0,,,
8/2/2021 22:15,0,,,
8/2/2021 22:00,0,,,
8/2/2021 21:45,0,,,
8/2/2021 21:30,0,,,
8/2/2021 21:15,0,,,
8/2/2021 21:00,0,,,
8/2/2021 20:45,0,,,
8/2/2021 20:30,0,,,
8/2/2021 20:15,0,,,
8/2/2021 20:00,0,,,
8/2/2021 19:45,0,,,
8/2/2021 19:30,0,,,
8/2/2021 19:15,0,,,
8/2/2021 19:00,0,,,
8/2/2021 18:45,0,,,
8/2/2021 18:30,0,,,
8/2/2021 18:15,0,,,
8/2/2021 18:00,0,,,
8/2/2021 17:45,0,,,
8/2/2021 17:30,0,,,
8/2/2021 17:15,0,,,
8/2/2021 17:00,0,,,
8/2/2021 16:45,0,,,
8/2/2021 16:30,0,,,
8/2/2021 16:15,0,,,
8/2/2021 16:00,0,,,
8/2/2021 15:45,0,,,
8/2/2021 15:30,0,,,
8/2/2021 15:15,0,,,
8/2/2021 15:00,0,,,
8/2/2021 14:45,0,,,
8/2/2021 14:30,0,,,
8/2/2021 14:15,0,,,
8/2/2021 14:00,0,,,
8/2/2021 13:45,0,,,
8/2/2021 13:30,0,,,
8/2/2021 13:15,0,,,
8/2/2021 13:00,0,,,
8/2/2021 12:45,0,,,
8/2/2021 12:30,0,,,
8/2/2021 12:15,0,,,
8/2/2021 12:00,0,,,
8/2/2021 11:45,0,,,
8/2/2021 11:30,0,,,
8/2/2021 11:15,0,,,
8/2/2021 11:00,0,,,
8/2/2021 10:45,0,,,
8/2/2021 10:30,0,,,
8/2/2021 10:15,0,,,
8/2/2021 10:00,0,,,
8/2/2021 9:45,0,,,
8/2/2021 9:30,0,,,
8/2/2021 9:15,0,,,
8/2/2021 9:00,0,,,
8/2/2021 8:45,0,,,
8/2/2021 8:30,0,,,
8/2/2021 8:15,0,,,
8/2/2021 8:00,0,,,
8/2/2021 7:45,0,,,
8/2/2021 7:30,0,,,
8/2/2021 7:15,0,,,
8/2/2021 7:00,0,,,
8/2/2021 6:45,0,,,
8/2/2021 6:30,0,,,
8/2/2021 6:15,0,,,
8/2/2021 6:00,0,,,
8/2/2021 5:45,0,,,
8/2/2021 5:30,0,,,
8/2/2021 5:15,0,,,
8/2/2021 5:00,0,,,
8/2/2021 4:45,0,,,
8/2/2021 4:30,0,,,
8/2/2021 4:15,0,,,
8/2/2021 4:00,0,,,
8/2/2021 3:45,0,,,
8/2/2021 3:30,0,,,
8/2/2021 3:15,0,,,
8/2/2021 3:00,0,,,
8/2/2021 2:45,0,,,
8/2/2021 2:30,0,,,
8/2/2021 2:15,0,,,
8/2/2021 2:00,0,,,
8/2/2021 1:45,0,,,
8/2/2021 1:30,0,,,
8/2/2021 1:15,0,,,
8/2/2021 1:00,0,,,
8/2/2021 0:45,0,,,
8/2/2021 0:30,0,,,
8/2/2021 0:15,0,,,
8/2/2021 0:00,0,,,
8/1/2021 23:45,0,,,
8/1/2021 23:30,0,,,
8/1/2021 23:15,0,,,
8/1/2021 23:00,0,,,
8/1/2021 22:45,0,,,
8/1/2021 22:30,0,,,
8/1/2021 22:15,0,,,
8/1/2021 22:00,0,,,
8/1/2021 21:45,0,,,
8/1/2021 21:30,0,,,
8/1/2021 21:15,0,,,
8/1/2021 21:00,0,,,
8/1/2021 20:45,0,,,
8/1/2021 20:30,0,,,
8/1/2021 20:15,0,,,
8/1/2021 20:00,0,,,
8/1/2021 19:45,0,,,
8/1/2021 19:30,0,,,
8/1/2021 19:15,0,,,
8/1/2021 19:00,0,,,
8/1/2021 18:45,0,,,
8/1/2021 18:30,0,,,
8/1/2021 18:15,0,,,
8/1/2021 18:00,0,,,
8/1/2021 17:45,0,,,
8/1/2021 17:30,0,,,
8/1/2021 17:15,0,,,
8/1/2021 17:00,0,,,
8/1/2021 16:45,0,,,
8/1/2021 16:30,0,,,
8/1/2021 16:15,0,,,
8/1/2021 16:00,0,,,
8/1/2021 15:45,0,,,
8/1/2021 15:30,0,,,
8/1/2021 15:15,0,,,
8/1/2021 15:00,0,,,
8/1/2021 14:45,0,,,
8/1/2021 14:30,0,,,
8/1/2021 14:15,0,,,
8/1/2021 14:00,0,,,
8/1/2021 13:45,0,,,
8/1/2021 13:30,0,,,
8/1/2021 13:15,0,,,
8/1/2021 13:00,0,,,
8/1/2021 12:45,0,,,
8/1/2021 12:30,0,,,
8/1/2021 12:15,0,,,
8/1/2021 12:00,0,,,
8/1/2021 11:45,0,,,
8/1/2021 11:30,0,,,
8/1/2021 11:15,0,,,
8/1/2021 11:00,0,,,
8/1/2021 10:45,0,,,
8/1/2021 10:30,0,,,
8/1/2021 10:15,0,,,
8/1/2021 10:00,0,,,
8/1/2021 9:45,0,,,
8/1/2021 9:30,0,,,
8/1/2021 9:15,0,,,
8/1/2021 9:00,0,,,
8/1/2021 8:45,0,,,
8/1/2021 8:30,0,,,
8/1/2021 8:15,0,,,
8/1/2021 8:00,0,,,
8/1/2021 7:45,0,,,
8/1/2021 7:30,0,,,
8/1/2021 7:15,0,,,
8/1/2021 7:00,0,,,
8/1/2021 6:45,0,,,
8/1/2021 6:30,0,,,
8/1/2021 6:15,0,,,
8/1/2021 6:00,0,,,
8/1/2021 5:45,0,,,
8/1/2021 5:30,0,,,
8/1/2021 5:15,0,,,
8/1/2021 5:00,0,,,
8/1/2021 4:45,0,,,
8/1/2021 4:30,0,,,
8/1/2021 4:15,0,,,
8/1/2021 4:00,0,,,
8/1/2021 3:45,0,,,
8/1/2021 3:30,0,,,
8/1/2021 3:15,0,,,
8/1/2021 3:00,0,,,
8/1/2021 2:45,0,,,
8/1/2021 2:30,0,,,
8/1/2021 2:15,0,,,
8/1/2021 2:00,0,,,
8/1/2021 1:45,0,,,
8/1/2021 1:30,0,,,
8/1/2021 1:15,0,,,
8/1/2021 1:00,0,,,
8/1/2021 0:45,0,,,
8/1/2021 0:30,0,,,
8/1/2021 0:15,0,,,
8/1/2021 0:00,0,,,
7/31/2021 23:45,0,,,
7/31/2021 23:30,0,,,
7/31/2021 23:15,0,,,
7/31/2021 23:00,0,,,
7/31/2021 22:45,0,,,
7/31/2021 22:30,0,,,
7/31/2021 22:15,0,,,
7/31/2021 22:00,0,,,
7/31/2021 21:45,0,,,
7/31/2021 21:30,0,,,
7/31/2021 21:15,0,,,
7/31/2021 21:00,0,,,
7/31/2021 20:45,0,,,
7/31/2021 20:30,0,,,
7/31/2021 20:15,0,,,
7/31/2021 20:00,0,,,
7/31/2021 19:45,0,,,
7/31/2021 19:30,0,,,
7/31/2021 19:15,0,,,
7/31/2021 19:00,0,,,
7/31/2021 18:45,0,,,
7/31/2021 18:30,0,,,
7/31/2021 18:15,0,,,
7/31/2021 18:00,0,,,
7/31/2021 17:45,0,,,
7/31/2021 17:30,0,,,
7/31/2021 17:15,0,,,
7/31/2021 17:00,0,,,
7/31/2021 16:45,0,,,
7/31/2021 16:30,0,,,
7/31/2021 16:15,0,,,
7/31/2021 16:00,0,,,
7/31/2021 15:45,0,,,
7/31/2021 15:30,0,,,
7/31/2021 15:15,0,,,
7/31/2021 15:00,0,,,
7/31/2021 14:45,0,,,
7/31/2021 14:30,0,,,
7/31/2021 14:15,0,,,
7/31/2021 14:00,0,,,
7/31/2021 13:45,0,,,
7/31/2021 13:30,0,,,
7/31/2021 13:15,0,,,
7/31/2021 13:00,0,,,
7/31/2021 12:45,0,,,
7/31/2021 12:30,0,,,
7/31/2021 12:15,0,,,
7/31/2021 12:00,0,,,
7/31/2021 11:45,0,,,
7/31/2021 11:30,0,,,
7/31/2021 11:15,0,,,
7/31/2021 11:00,0,,,
7/31/2021 10:45,0,,,
7/31/2021 10:30,0,,,
7/31/2021 10:15,0,,,
7/31/2021 10:00,0,,,
7/31/2021 9:45,0,,,
7/31/2021 9:30,0,,,
7/31/2021 9:15,0,,,
7/31/2021 9:00,0,,,
7/31/2021 8:45,0,,,
7/31/2021 8:30,0,,,
7/31/2021 8:15,0,,,
7/31/2021 8:00,0,,,
7/31/2021 7:45,0,,,
7/31/2021 7:30,0,,,
7/31/2021 7:15,0,,,
7/31/2021 7:00,0,,,
7/31/2021 6:45,0,,,
7/31/2021 6:30,0,,,
7/31/2021 6:15,0,,,
7/31/2021 6:00,0,,,
7/31/2021 5:45,0,,,
7/31/2021 5:30,0,,,
7/31/2021 5:15,0,,,
7/31/2021 5:00,0,,,
7/31/2021 4:45,0,,,
7/31/2021 4:30,0,,,
7/31/2021 4:15,0,,,
7/31/2021 4:00,0,,,
7/31/2021 3:45,0,,,
7/31/2021 3:30,0,,,
7/31/2021 3:15,0,,,
7/31/2021 3:00,0,,,
7/31/2021 2:45,0,,,
7/31/2021 2:30,0,,,
7/31/2021 2:15,0,,,
7/31/2021 2:00,0,,,
7/31/2021 1:45,0,,,
7/31/2021 1:30,0,,,
7/31/2021 1:15,0,,,
7/31/2021 1:00,0,,,
7/31/2021 0:45,0,,,
7/31/2021 0:30,0,,,
7/31/2021 0:15,0,,,
7/31/2021 0:00,0,,,
7/30/2021 23:45,0,,,
7/30/2021 23:30,0,,,
7/30/2021 23:15,0,,,
7/30/2021 23:00,0,,,
7/30/2021 22:45,0,,,
7/30/2021 22:30,0,,,
7/30/2021 22:15,0,,,
7/30/2021 22:00,0,,,
7/30/2021 21:45,0,,,
7/30/2021 21:30,0,,,
7/30/2021 21:15,0,,,
7/30/2021 21:00,0,,,
7/30/2021 20:45,0,,,
7/30/2021 20:30,0,,,
7/30/2021 20:15,0,,,
7/30/2021 20:00,0,,,
7/30/2021 19:45,0,,,
7/30/2021 19:30,0,,,
7/30/2021 19:15,0,,,
7/30/2021 19:00,0,,,
7/30/2021 18:45,0,,,
7/30/2021 18:30,0,,,
7/30/2021 18:15,0,,,
7/30/2021 18:00,0,,,
7/30/2021 17:45,0,,,
7/30/2021 17:30,0,,,
7/30/2021 17:15,0,,,
7/30/2021 17:00,0,,,
7/30/2021 16:45,0,,,
7/30/2021 16:30,0,,,
7/30/2021 16:15,0,,,
7/30/2021 16:00,0,,,
7/30/2021 15:45,0,,,
7/30/2021 15:30,0,,,
7/30/2021 15:15,0,,,
7/30/2021 15:00,0,,,
7/30/2021 14:45,0,,,
7/30/2021 14:30,0,,,
7/30/2021 14:15,0,,,
7/30/2021 14:00,0,,,
7/30/2021 13:45,0,,,
7/30/2021 13:30,0,,,
7/30/2021 13:15,0,,,
7/30/2021 13:00,0,,,
7/30/2021 12:45,0,,,
7/30/2021 12:30,0,,,
7/30/2021 12:15,0,,,
7/30/2021 12:00,0,,,
7/30/2021 11:45,0,,,
7/30/2021 11:30,0,,,
7/30/2021 11:15,0,,,
7/30/2021 11:00,0,,,
7/30/2021 10:45,0,,,
7/30/2021 10:30,0,,,
7/30/2021 10:15,0,,,
7/30/2021 10:00,0,,,
7/30/2021 9:45,0,,,
7/30/2021 9:30,0,,,
7/30/2021 9:15,0,,,
7/30/2021 9:00,0,,,
7/30/2021 8:45,0,,,
7/30/2021 8:30,0,,,
7/30/2021 8:15,0,,,
7/30/2021 8:00,0,,,
7/30/2021 7:45,0,,,
7/30/2021 7:30,0,,,
7/30/2021 7:15,0,,,
7/30/2021 7:00,0,,,
7/30/2021 6:45,0,,,
7/30/2021 6:30,0,,,
7/30/2021 6:15,0,,,
7/30/2021 6:00,0,,,
7/30/2021 5:45,0,,,
7/30/2021 5:30,0,,,
7/30/2021 5:15,0,,,
7/30/2021 5:00,0,,,
7/30/2021 4:45,0,,,
7/30/2021 4:30,0,,,
7/30/2021 4:15,0,,,
7/30/2021 4:00,0,,,
7/30/2021 3:45,0,,,
7/30/2021 3:30,0,,,
7/30/2021 3:15,0,,,
7/30/2021 3:00,0,,,
7/30/2021 2:45,0,,,
7/30/2021 2:30,0,,,
7/30/2021 2:15,0,,,
7/30/2021 2:00,0,,,
7/30/2021 1:45,0,,,
7/30/2021 1:30,0,,,
7/30/2021 1:15,0,,,
7/30/2021 1:00,0,,,
7/30/2021 0:45,0,,,
7/30/2021 0:30,0,,,
7/30/2021 0:15,0,,,
7/30/2021 0:00,0,,,
7/29/2021 23:45,0,,,
7/29/2021 23:30,0,,,
7/29/2021 23:15,0,,,
7/29/2021 23:00,0,,,
7/29/2021 22:45,0,,,
7/29/2021 22:30,0,,,
7/29/2021 22:15,0,,,
7/29/2021 22:00,0,,,
7/29/2021 21:45,0,,,
7/29/2021 21:30,0,,,
7/29/2021 21:15,0,,,
7/29/2021 21:00,0,,,
7/29/2021 20:45,0,,,
7/29/2021 20:30,0,,,
7/29/2021 20:15,0,,,
7/29/2021 20:00,0,,,
7/29/2021 19:45,0,,,
7/29/2021 19:30,0,,,
7/29/2021 19:15,0,,,
7/29/2021 19:00,0,,,
7/29/2021 18:45,0,,,
7/29/2021 18:30,0,,,
7/29/2021 18:15,0,,,
7/29/2021 18:00,0,,,
7/29/2021 17:45,0,,,
7/29/2021 17:30,0,,,
7/29/2021 17:15,0,,,
7/29/2021 17:00,0,,,
7/29/2021 16:45,0,,,
7/29/2021 16:30,0,,,
7/29/2021 16:15,0,,,
7/29/2021 16:00,0,,,
7/29/2021 15:45,0,,,
7/29/2021 15:30,0,,,
7/29/2021 15:15,0,,,
7/29/2021 15:00,0,,,
7/29/2021 14:45,0,,,
7/29/2021 14:30,0,,,
7/29/2021 14:15,0,,,
7/29/2021 14:00,0,,,
7/29/2021 13:45,0,,,
7/29/2021 13:30,0,,,
7/29/2021 13:15,0,,,
7/29/2021 13:00,0,,,
7/29/2021 12:45,0,,,
7/29/2021 12:30,0,,,
7/29/2021 12:15,0,,,
7/29/2021 12:00,0,,,
7/29/2021 11:45,0,,,
7/29/2021 11:30,0,,,
7/29/2021 11:15,0,,,
7/29/2021 11:00,0,,,
7/29/2021 10:45,0,,,
7/29/2021 10:30,0,,,
7/29/2021 10:15,0,,,
7/29/2021 10:00,0,,,
7/29/2021 9:45,0,,,
7/29/2021 9:30,0,,,
7/29/2021 9:15,0,,,
7/29/2021 9:00,0,,,
7/29/2021 8:45,0,,,
7/29/2021 8:30,0,,,
7/29/2021 8:15,0,,,
7/29/2021 8:00,0,,,
7/29/2021 7:45,0,,,
7/29/2021 7:30,0,,,
7/29/2021 7:15,0,,,
7/29/2021 7:00,0,,,
7/29/2021 6:45,0,,,
7/29/2021 6:30,0,,,
7/29/2021 6:15,0,,,
7/29/2021 6:00,0,,,
7/29/2021 5:45,0,,,
7/29/2021 5:30,0,,,
7/29/2021 5:15,0,,,
7/29/2021 5:00,0,,,
7/29/2021 4:45,0,,,
7/29/2021 4:30,0,,,
7/29/2021 4:15,0,,,
7/29/2021 4:00,0,,,
7/29/2021 3:45,0,,,
7/29/2021 3:30,0,,,
7/29/2021 3:15,0,,,
7/29/2021 3:00,0,,,
7/29/2021 2:45,0,,,
7/29/2021 2:30,0,,,
7/29/2021 2:15,0,,,
7/29/2021 2:00,0,,,
7/29/2021 1:45,0,,,
7/29/2021 1:30,0,,,
7/29/2021 1:15,0,,,
7/29/2021 1:00,0,,,
7/29/2021 0:45,0,,,
7/29/2021 0:30,0,,,
7/29/2021 0:15,0,,,
7/29/2021 0:00,0,,,
7/28/2021 23:45,0,,,
7/28/2021 23:30,0,,,
7/28/2021 23:15,0,,,
7/28/2021 23:00,0,,,
7/28/2021 22:45,0,,,
7/28/2021 22:30,0,,,
7/28/2021 22:15,0,,,
7/28/2021 22:00,0,,,
7/28/2021 21:45,0,,,
7/28/2021 21:30,0,,,
7/28/2021 21:15,0,,,
7/28/2021 21:00,0,,,
7/28/2021 20:45,0,,,
7/28/2021 20:30,0,,,
7/28/2021 20:15,0,,,
7/28/2021 20:00,0,,,
7/28/2021 19:45,0,,,
7/28/2021 19:30,0,,,
7/28/2021 19:15,0,,,
7/28/2021 19:00,0,,,
7/28/2021 18:45,0,,,
7/28/2021 18:30,0,,,
7/28/2021 18:15,0,,,
7/28/2021 18:00,0,,,
7/28/2021 17:45,0,,,
7/28/2021 17:30,0,,,
7/28/2021 17:15,0,,,
7/28/2021 17:00,0,,,
7/28/2021 16:45,0,,,
7/28/2021 16:30,0,,,
7/28/2021 16:15,0,,,
7/28/2021 16:00,0,,,
7/28/2021 15:45,0,,,
7/28/2021 15:30,0,,,
7/28/2021 15:15,0,,,
7/28/2021 15:00,0,,,
7/28/2021 14:45,0,,,
7/28/2021 14:30,0,,,
7/28/2021 14:15,0,,,
7/28/2021 14:00,0,,,
7/28/2021 13:45,0,,,
7/28/2021 13:30,0,,,
7/28/2021 13:15,0,,,
7/28/2021 13:00,0,,,
7/28/2021 12:45,0,,,
7/28/2021 12:30,0,,,
7/28/2021 12:15,0,,,
7/28/2021 12:00,0,,,
7/28/2021 11:45,0,,,
7/28/2021 11:30,0,,,
7/28/2021 11:15,0,,,
7/28/2021 11:00,0,,,
7/28/2021 10:45,0,,,
7/28/2021 10:30,0,,,
7/28/2021 10:15,0,,,
7/28/2021 10:00,0,,,
7/28/2021 9:45,0,,,
7/28/2021 9:30,0,,,
7/28/2021 9:15,0,,,
7/28/2021 9:00,0,,,
7/28/2021 8:45,0,,,
7/28/2021 8:30,0,,,
7/28/2021 8:15,0,,,
7/28/2021 8:00,0,,,
7/28/2021 7:45,0,,,
7/28/2021 7:30,0,,,
7/28/2021 7:15,0,,,
7/28/2021 7:00,0,,,
7/28/2021 6:45,0,,,
7/28/2021 6:30,0,,,
7/28/2021 6:15,0,,,
7/28/2021 6:00,0,,,
7/28/2021 5:45,0,,,
7/28/2021 5:30,0,,,
7/28/2021 5:15,0,,,
7/28/2021 5:00,0,,,
7/28/2021 4:45,0,,,
7/28/2021 4:30,0,,,
7/28/2021 4:15,0,,,
7/28/2021 4:00,0,,,
7/28/2021 3:45,0,,,
7/28/2021 3:30,0,,,
7/28/2021 3:15,0,,,
7/28/2021 3:00,0,,,
7/28/2021 2:45,0,,,
7/28/2021 2:30,0,,,
7/28/2021 2:15,0,,,
7/28/2021 2:00,0,,,
7/28/2021 1:45,0,,,
7/28/2021 1:30,0,,,
7/28/2021 1:15,0,,,
7/28/2021 1:00,0,,,
7/28/2021 0:45,0,,,
7/28/2021 0:30,0,,,
7/28/2021 0:15,0,,,
7/28/2021 0:00,0,,,
7/27/2021 23:45,0,,,
7/27/2021 23:30,0,,,
7/27/2021 23:15,0,,,
7/27/2021 23:00,0,,,
7/27/2021 22:45,0,,,
7/27/2021 22:30,0,,,
7/27/2021 22:15,0,,,
7/27/2021 22:00,0,,,
7/27/2021 21:45,0,,,
7/27/2021 21:30,0,,,
7/27/2021 21:15,0,,,
7/27/2021 21:00,0,,,
7/27/2021 20:45,0,,,
7/27/2021 20:30,0,,,
7/27/2021 20:15,0,,,
7/27/2021 20:00,0,,,
7/27/2021 19:45,0,,,
7/27/2021 19:30,0,,,
7/27/2021 19:15,0,,,
7/27/2021 19:00,0,,,
7/27/2021 18:45,0,,,
7/27/2021 18:30,0,,,
7/27/2021 18:15,0,,,
7/27/2021 18:00,0,,,
7/27/2021 17:45,0,,,
7/27/2021 17:30,0,,,
7/27/2021 17:15,0,,,
7/27/2021 17:00,0,,,
7/27/2021 16:45,0,,,
7/27/2021 16:30,0,,,
7/27/2021 16:15,0,,,
7/27/2021 16:00,0,,,
7/27/2021 15:45,0,,,
7/27/2021 15:30,0,,,
7/27/2021 15:15,0,,,
7/27/2021 15:00,0,,,
7/27/2021 14:45,0,,,
7/27/2021 14:30,0,,,
7/27/2021 14:15,0,,,
7/27/2021 14:00,0,,,
7/27/2021 13:45,0,,,
7/27/2021 13:30,0,,,
7/27/2021 13:15,0,,,
7/27/2021 13:00,0,,,
7/27/2021 12:45,0,,,
7/27/2021 12:30,0,,,
7/27/2021 12:15,0,,,
7/27/2021 12:00,0,,,
7/27/2021 11:45,0,,,
7/27/2021 11:30,0,,,
7/27/2021 11:15,0,,,
7/27/2021 11:00,0,,,
7/27/2021 10:45,0,,,
7/27/2021 10:30,0,,,
7/27/2021 10:15,0,,,
7/27/2021 10:00,0,,,
7/27/2021 9:45,0,,,
7/27/2021 9:30,0,,,
7/27/2021 9:15,0,,,
7/27/2021 9:00,0,,,
7/27/2021 8:45,0,,,
7/27/2021 8:30,0,,,
7/27/2021 8:15,0,,,
7/27/2021 8:00,0,,,
7/27/2021 7:45,0,,,
7/27/2021 7:30,0,,,
7/27/2021 7:15,0,,,
7/27/2021 7:00,0,,,
7/27/2021 6:45,0,,,
7/27/2021 6:30,0,,,
7/27/2021 6:15,0,,,
7/27/2021 6:00,0,,,
7/27/2021 5:45,0,,,
7/27/2021 5:30,0,,,
7/27/2021 5:15,0,,,
7/27/2021 5:00,0,,,
7/27/2021 4:45,0,,,
7/27/2021 4:30,0,,,
7/27/2021 4:15,0,,,
7/27/2021 4:00,0,,,
7/27/2021 3:45,0,,,
7/27/2021 3:30,0,,,
7/27/2021 3:15,0,,,
7/27/2021 3:00,0,,,
7/27/2021 2:45,0,,,
7/27/2021 2:30,0,,,
7/27/2021 2:15,0,,,
7/27/2021 2:00,0,,,
7/27/2021 1:45,0,,,
7/27/2021 1:30,0,,,
7/27/2021 1:15,0,,,
7/27/2021 1:00,0,,,
7/27/2021 0:45,0,,,
7/27/2021 0:30,0,,,
7/27/2021 0:15,0,,,
7/27/2021 0:00,0,,,
7/26/2021 23:45,0,,,
7/26/2021 23:30,0,,,
7/26/2021 23:15,0,,,
7/26/2021 23:00,0,,,
7/26/2021 22:45,0,,,
7/26/2021 22:30,0,,,
7/26/2021 22:15,0,,,
7/26/2021 22:00,0,,,
7/26/2021 21:45,0,,,
7/26/2021 21:30,0,,,
7/26/2021 21:15,0,,,
7/26/2021 21:00,0,,,
7/26/2021 20:45,0,,,
7/26/2021 20:30,0,,,
7/26/2021 20:15,0,,,
7/26/2021 20:00,0,,,
7/26/2021 19:45,0,,,
7/26/2021 19:30,0,,,
7/26/2021 19:15,0,,,
7/26/2021 19:00,0,,,
7/26/2021 18:45,0,,,
7/26/2021 18:30,0,,,
7/26/2021 18:15,0,,,
7/26/2021 18:00,0,,,
7/26/2021 17:45,0,,,
7/26/2021 17:30,0,,,
7/26/2021 17:15,0,,,
7/26/2021 17:00,0,,,
7/26/2021 16:45,0,,,
7/26/2021 16:30,0,,,
7/26/2021 16:15,0,,,
7/26/2021 16:00,0,,,
7/26/2021 15:45,0,,,
7/26/2021 15:30,0,,,
7/26/2021 15:15,0,,,
7/26/2021 15:00,0,,,
7/26/2021 14:45,0,,,
7/26/2021 14:30,0,,,
7/26/2021 14:15,0,,,
7/26/2021 14:00,0,,,
7/26/2021 13:45,0,,,
7/26/2021 13:30,0,,,
7/26/2021 13:15,0,,,
7/26/2021 13:00,0,,,
7/26/2021 12:45,0,,,
7/26/2021 12:30,0,,,
7/26/2021 12:15,0,,,
7/26/2021 12:00,0,,,
7/26/2021 11:45,0,,,
7/26/2021 11:30,0,,,
7/26/2021 11:15,0,,,
7/26/2021 11:00,0,,,
7/26/2021 10:45,0,,,
7/26/2021 10:30,0,,,
7/26/2021 10:15,0,,,
7/26/2021 10:00,0,,,
7/26/2021 9:45,0,,,
7/26/2021 9:30,0,,,
7/26/2021 9:15,0,,,
7/26/2021 9:00,0,,,
7/26/2021 8:45,0,,,
7/26/2021 8:30,0,,,
7/26/2021 8:15,0,,,
7/26/2021 8:00,0,,,
7/26/2021 7:45,0,,,
7/26/2021 7:30,0,,,
7/26/2021 7:15,0,,,
7/26/2021 7:00,0,,,
7/26/2021 6:45,0,,,
7/26/2021 6:30,0,,,
7/26/2021 6:15,0,,,
7/26/2021 6:00,0,,,
7/26/2021 5:45,0,,,
7/26/2021 5:30,0,,,
7/26/2021 5:15,0,,,
7/26/2021 5:00,0,,,
7/26/2021 4:45,0,,,
7/26/2021 4:30,0,,,
7/26/2021 4:15,0,,,
7/26/2021 4:00,0,,,
7/26/2021 3:45,0,,,
7/26/2021 3:30,0,,,
7/26/2021 3:15,0,,,
7/26/2021 3:00,0,,,
7/26/2021 2:45,0,,,
7/26/2021 2:30,0,,,
7/26/2021 2:15,0,,,
7/26/2021 2:00,0,,,
7/26/2021 1:45,0,,,
7/26/2021 1:30,0,,,
7/26/2021 1:15,0,,,
7/26/2021 1:00,0,,,
7/26/2021 0:45,0,,,
7/26/2021 0:30,0,,,
7/26/2021 0:15,0,,,
7/26/2021 0:00,0,,,
7/25/2021 23:45,0,,,
7/25/2021 23:30,0,,,
7/25/2021 23:15,0,,,
7/25/2021 23:00,0,,,
7/25/2021 22:45,0,,,
7/25/2021 22:30,0,,,
7/25/2021 22:15,0,,,
7/25/2021 22:00,0,,,
7/25/2021 21:45,0,,,
7/25/2021 21:30,0,,,
7/25/2021 21:15,0,,,
7/25/2021 21:00,0,,,
7/25/2021 20:45,0,,,
7/25/2021 20:30,0,,,
7/25/2021 20:15,0,,,
7/25/2021 20:00,0,,,
7/25/2021 19:45,0,,,
7/25/2021 19:30,0,,,
7/25/2021 19:15,0,,,
7/25/2021 19:00,0,,,
7/25/2021 18:45,0,,,
7/25/2021 18:30,0,,,
7/25/2021 18:15,0,,,
7/25/2021 18:00,0,,,
7/25/2021 17:45,0,,,
7/25/2021 17:30,0,,,
7/25/2021 17:15,0,,,
7/25/2021 17:00,0,,,
7/25/2021 16:45,0,,,
7/25/2021 16:30,0,,,
7/25/2021 16:15,0,,,
7/25/2021 16:00,0,,,
7/25/2021 15:45,0,,,
7/25/2021 15:30,0,,,
7/25/2021 15:15,0,,,
7/25/2021 15:00,0,,,
7/25/2021 14:45,0,,,
7/25/2021 14:30,0,,,
7/25/2021 14:15,0,,,
7/25/2021 14:00,0,,,
7/25/2021 13:45,0,,,
7/25/2021 13:30,0,,,
7/25/2021 13:15,0,,,
7/25/2021 13:00,0,,,
7/25/2021 12:45,0,,,
7/25/2021 12:30,0,,,
7/25/2021 12:15,0,,,
7/25/2021 12:00,0,,,
7/25/2021 11:45,0,,,
7/25/2021 11:30,0,,,
7/25/2021 11:15,0,,,
7/25/2021 11:00,0,,,
7/25/2021 10:45,0,,,
7/25/2021 10:30,0,,,
7/25/2021 10:15,0,,,
7/25/2021 10:00,0,,,
7/25/2021 9:45,0,,,
7/25/2021 9:30,0,,,
7/25/2021 9:15,0,,,
7/25/2021 9:00,0,,,
7/25/2021 8:45,0,,,
7/25/2021 8:30,0,,,
7/25/2021 8:15,0,,,
7/25/2021 8:00,0,,,
7/25/2021 7:45,0,,,
7/25/2021 7:30,0,,,
7/25/2021 7:15,0,,,
7/25/2021 7:00,0,,,
7/25/2021 6:45,0,,,
7/25/2021 6:30,0,,,
7/25/2021 6:15,0,,,
7/25/2021 6:00,0,,,
7/25/2021 5:45,0,,,
7/25/2021 5:30,0,,,
7/25/2021 5:15,0,,,
7/25/2021 5:00,0,,,
7/25/2021 4:45,0,,,
7/25/2021 4:30,0,,,
7/25/2021 4:15,0,,,
7/25/2021 4:00,0,,,
7/25/2021 3:45,0,,,
7/25/2021 3:30,0,,,
7/25/2021 3:15,0,,,
7/25/2021 3:00,0,,,
7/25/2021 2:45,0,,,
7/25/2021 2:30,0,,,
7/25/2021 2:15,0,,,
7/25/2021 2:00,0,,,
7/25/2021 1:45,0,,,
7/25/2021 1:30,0,,,
7/25/2021 1:15,0,,,
7/25/2021 1:00,0,,,
7/25/2021 0:45,0,,,
7/25/2021 0:30,0,,,
7/25/2021 0:15,0,,,
7/25/2021 0:00,0,,,
7/24/2021 23:45,0,,,
7/24/2021 23:30,0,,,
7/24/2021 23:15,0,,,
7/24/2021 23:00,0,,,
7/24/2021 22:45,0,,,
7/24/2021 22:30,0,,,
7/24/2021 22:15,0,,,
7/24/2021 22:00,0,,,
7/24/2021 21:45,0,,,
7/24/2021 21:30,0,,,
7/24/2021 21:15,0,,,
7/24/2021 21:00,0,,,
7/24/2021 20:45,0,,,
7/24/2021 20:30,0,,,
7/24/2021 20:15,0,,,
7/24/2021 20:00,0,,,
7/24/2021 19:45,0,,,
7/24/2021 19:30,0,,,
7/24/2021 19:15,0,,,
7/24/2021 19:00,0,,,
7/24/2021 18:45,0,,,
7/24/2021 18:30,0,,,
7/24/2021 18:15,0,,,
7/24/2021 18:00,0,,,
7/24/2021 17:45,0,,,
7/24/2021 17:30,0,,,
7/24/2021 17:15,0,,,
7/24/2021 17:00,0,,,
7/24/2021 16:45,0,,,
7/24/2021 16:30,0,,,
7/24/2021 16:15,0,,,
7/24/2021 16:00,0,,,
7/24/2021 15:45,0,,,
7/24/2021 15:30,0,,,
7/24/2021 15:15,0,,,
7/24/2021 15:00,0,,,
7/24/2021 14:45,0,,,
7/24/2021 14:30,0,,,
7/24/2021 14:15,0,,,
7/24/2021 14:00,0,,,
7/24/2021 13:45,0,,,
7/24/2021 13:30,0,,,
7/24/2021 13:15,0,,,
7/24/2021 13:00,0,,,
7/24/2021 12:45,0,,,
7/24/2021 12:30,0,,,
7/24/2021 12:15,0,,,
7/24/2021 12:00,0,,,
7/24/2021 11:45,0,,,
7/24/2021 11:30,0,,,
7/24/2021 11:15,0,,,
7/24/2021 11:00,0,,,
7/24/2021 10:45,0,,,
7/24/2021 10:30,0,,,
7/24/2021 10:15,0,,,
7/24/2021 10:00,0,,,
7/24/2021 9:45,0,,,
7/24/2021 9:30,0,,,
7/24/2021 9:15,0,,,
7/24/2021 9:00,0,,,
7/24/2021 8:45,0,,,
7/24/2021 8:30,0,,,
7/24/2021 8:15,0,,,
7/24/2021 8:00,0,,,
7/24/2021 7:45,0,,,
7/24/2021 7:30,0,,,
7/24/2021 7:15,0,,,
7/24/2021 7:00,0,,,
7/24/2021 6:45,0,,,
7/24/2021 6:30,0,,,
7/24/2021 6:15,0,,,
7/24/2021 6:00,0,,,
7/24/2021 5:45,0,,,
7/24/2021 5:30,0,,,
7/24/2021 5:15,0,,,
7/24/2021 5:00,0,,,
7/24/2021 4:45,0,,,
7/24/2021 4:30,0,,,
7/24/2021 4:15,0,,,
7/24/2021 4:00,0,,,
7/24/2021 3:45,0,,,
7/24/2021 3:30,0,,,
7/24/2021 3:15,0,,,
7/24/2021 3:00,0,,,
7/24/2021 2:45,0,,,
7/24/2021 2:30,0,,,
7/24/2021 2:15,0,,,
7/24/2021 2:00,0,,,
7/24/2021 1:45,0,,,
7/24/2021 1:30,0,,,
7/24/2021 1:15,0,,,
7/24/2021 1:00,0,,,
7/24/2021 0:45,0,,,
7/24/2021 0:30,0,,,
7/24/2021 0:15,0,,,
7/24/2021 0:00,0,,,
7/23/2021 23:45,0,,,
7/23/2021 23:30,0,,,
7/23/2021 23:15,0,,,
7/23/2021 23:00,0,,,
7/23/2021 22:45,0,,,
7/23/2021 22:30,0,,,
7/23/2021 22:15,0,,,
7/23/2021 22:00,0,,,
7/23/2021 21:45,0,,,
7/23/2021 21:30,0,,,
7/23/2021 21:15,0,,,
7/23/2021 21:00,0,,,
7/23/2021 20:45,0,,,
7/23/2021 20:30,0,,,
7/23/2021 20:15,0,,,
7/23/2021 20:00,0,,,
7/23/2021 19:45,0,,,
7/23/2021 19:30,0,,,
7/23/2021 19:15,0,,,
7/23/2021 19:00,0,,,
7/23/2021 18:45,0,,,
7/23/2021 18:30,0,,,
7/23/2021 18:15,0,,,
7/23/2021 18:00,0,,,
7/23/2021 17:45,0,,,
7/23/2021 17:30,0,,,
7/23/2021 17:15,0,,,
7/23/2021 17:00,0,,,
7/23/2021 16:45,0,,,
7/23/2021 16:30,0,,,
7/23/2021 16:15,0,,,
7/23/2021 16:00,0,,,
7/23/2021 15:45,0,,,
7/23/2021 15:30,0,,,
7/23/2021 15:15,0,,,
7/23/2021 15:00,0,,,
7/23/2021 14:45,0,,,
7/23/2021 14:30,0,,,
7/23/2021 14:15,0,,,
7/23/2021 14:00,0,,,
7/23/2021 13:45,0,,,
7/23/2021 13:30,0,,,
7/23/2021 13:15,0,,,
7/23/2021 13:00,0,,,
7/23/2021 12:45,0,,,
7/23/2021 12:30,0,,,
7/23/2021 12:15,0,,,
7/23/2021 12:00,0,,,
7/23/2021 11:45,0,,,
7/23/2021 11:30,0,,,
7/23/2021 11:15,0,,,
7/23/2021 11:00,0,,,
7/23/2021 10:45,0,,,
7/23/2021 10:30,0,,,
7/23/2021 10:15,0,,,
7/23/2021 10:00,0,,,
7/23/2021 9:45,0,,,
7/23/2021 9:30,0,,,
7/23/2021 9:15,0,,,
7/23/2021 9:00,0,,,
7/23/2021 8:45,0,,,
7/23/2021 8:30,0,,,
7/23/2021 8:15,0,,,
7/23/2021 8:00,0,,,
7/23/2021 7:45,0,,,
7/23/2021 7:30,0,,,
7/23/2021 7:15,0,,,
7/23/2021 7:00,0,,,
7/23/2021 6:45,0,,,
7/23/2021 6:30,0,,,
7/23/2021 6:15,0,,,
7/23/2021 6:00,0,,,
7/23/2021 5:45,0,,,
7/23/2021 5:30,0,,,
7/23/2021 5:15,0,,,
7/23/2021 5:00,0,,,
7/23/2021 4:45,0,,,
7/23/2021 4:30,0,,,
7/23/2021 4:15,0,,,
7/23/2021 4:00,0,,,
7/23/2021 3:45,0,,,
7/23/2021 3:30,0,,,
7/23/2021 3:15,0,,,
7/23/2021 3:00,0,,,
7/23/2021 2:45,0,,,
7/23/2021 2:30,0,,,
7/23/2021 2:15,0,,,
7/23/2021 2:00,0,,,
7/23/2021 1:45,0,,,
7/23/2021 1:30,0,,,
7/23/2021 1:15,0,,,
7/23/2021 1:00,0,,,
7/23/2021 0:45,0,,,
7/23/2021 0:30,0,,,
7/23/2021 0:15,0,,,
7/23/2021 0:00,0,,,
7/22/2021 23:45,0,,,
7/22/2021 23:30,0,,,
7/22/2021 23:15,0,,,
7/22/2021 23:00,0,,,
7/22/2021 22:45,0,,,
7/22/2021 22:30,0,,,
7/22/2021 22:15,0,,,
7/22/2021 22:00,0,,,
7/22/2021 21:45,0,,,
7/22/2021 21:30,0,,,
7/22/2021 21:15,0,,,
7/22/2021 21:00,0,,,
7/22/2021 20:45,0,,,
7/22/2021 20:30,0,,,
7/22/2021 20:15,0,,,
7/22/2021 20:00,0,,,
7/22/2021 19:45,0,,,
7/22/2021 19:30,0,,,
7/22/2021 19:15,0,,,
7/22/2021 19:00,0,,,
7/22/2021 18:45,0,,,
7/22/2021 18:30,0,,,
7/22/2021 18:15,0,,,
7/22/2021 18:00,0,,,
7/22/2021 17:45,0,,,
7/22/2021 17:30,0,,,
7/22/2021 17:15,0,,,
7/22/2021 17:00,0,,,
7/22/2021 16:45,0,,,
7/22/2021 16:30,0,,,
7/22/2021 16:15,0,,,
7/22/2021 16:00,0,,,
7/22/2021 15:45,0,,,
7/22/2021 15:30,0,,,
7/22/2021 15:15,0,,,
7/22/2021 15:00,0,,,
7/22/2021 14:45,0,,,
7/22/2021 14:30,0,,,
7/22/2021 14:15,0,,,
7/22/2021 14:00,0,,,
7/22/2021 13:45,0,,,
7/22/2021 13:30,0,,,
7/22/2021 13:15,0,,,
7/22/2021 13:00,0,,,
7/22/2021 12:45,0,,,
7/22/2021 12:30,0,,,
7/22/2021 12:15,0,,,
7/22/2021 12:00,0,,,
7/22/2021 11:45,0,,,
7/22/2021 11:30,0,,,
7/22/2021 11:15,0,,,
7/22/2021 11:00,0,,,
7/22/2021 10:45,0,,,
7/22/2021 10:30,0,,,
7/22/2021 10:15,0,,,
7/22/2021 10:00,0,,,
7/22/2021 9:45,0,,,
7/22/2021 9:30,0,,,
7/22/2021 9:15,0,,,
7/22/2021 9:00,0,,,
7/22/2021 8:45,0,,,
7/22/2021 8:30,0,,,
7/22/2021 8:15,0,,,
7/22/2021 8:00,0,,,
7/22/2021 7:45,0,,,
7/22/2021 7:30,0,,,
7/22/2021 7:15,0,,,
7/22/2021 7:00,0,,,
7/22/2021 6:45,0,,,
7/22/2021 6:30,0,,,
7/22/2021 6:15,0,,,
7/22/2021 6:00,0,,,
7/22/2021 5:45,0,,,
7/22/2021 5:30,0,,,
7/22/2021 5:15,0,,,
7/22/2021 5:00,0,,,
7/22/2021 4:45,0,,,
7/22/2021 4:30,0,,,
7/22/2021 4:15,0,,,
7/22/2021 4:00,0,,,
7/22/2021 3:45,0,,,
7/22/2021 3:30,0,,,
7/22/2021 3:15,0,,,
7/22/2021 3:00,0,,,
7/22/2021 2:45,0,,,
7/22/2021 2:30,0,,,
7/22/2021 2:15,0,,,
7/22/2021 2:00,0,,,
7/22/2021 1:45,0,,,
7/22/2021 1:30,0,,,
7/22/2021 1:15,0,,,
7/22/2021 1:00,0,,,
7/22/2021 0:45,0,,,
7/22/2021 0:30,0,,,
7/22/2021 0:15,0,,,
7/22/2021 0:00,0,,,
7/21/2021 23:45,0,,,
7/21/2021 23:30,0,,,
7/21/2021 23:15,0,,,
7/21/2021 23:00,0,,,
7/21/2021 22:45,0,,,
7/21/2021 22:30,0,,,
7/21/2021 22:15,0,,,
7/21/2021 22:00,0,,,
7/21/2021 21:45,0,,,
7/21/2021 21:30,0,,,
7/21/2021 21:15,0,,,
7/21/2021 21:00,0,,,
7/21/2021 20:45,0,,,
7/21/2021 20:30,0,,,
7/21/2021 20:15,0,,,
7/21/2021 20:00,0,,,
7/21/2021 19:45,0,,,
7/21/2021 19:30,0,,,
7/21/2021 19:15,0,,,
7/21/2021 19:00,0,,,
7/21/2021 18:45,0,,,
7/21/2021 18:30,0,,,
7/21/2021 18:15,0,,,
7/21/2021 18:00,0,,,
7/21/2021 17:45,0,,,
7/21/2021 17:30,0,,,
7/21/2021 17:15,0,,,
7/21/2021 17:00,0,,,
7/21/2021 16:45,0,,,
7/21/2021 16:30,0,,,
7/21/2021 16:15,0,,,
7/21/2021 16:00,0,,,
7/21/2021 15:45,0,,,
7/21/2021 15:30,0,,,
7/21/2021 15:15,0,,,
7/21/2021 15:00,0,,,
7/21/2021 14:45,0,,,
7/21/2021 14:30,0,,,
7/21/2021 14:15,0,,,
7/21/2021 14:00,0,,,
7/21/2021 13:45,0,,,
7/21/2021 13:30,0,,,
7/21/2021 13:15,0,,,
7/21/2021 13:00,0,,,
7/21/2021 12:45,0,,,
7/21/2021 12:30,0,,,
7/21/2021 12:15,0,,,
7/21/2021 12:00,0,,,
7/21/2021 11:45,0,,,
7/21/2021 11:30,0,,,
7/21/2021 11:15,0,,,
7/21/2021 11:00,0,,,
7/21/2021 10:45,0,,,
7/21/2021 10:30,0,,,
7/21/2021 10:15,0,,,
7/21/2021 10:00,0,,,
7/21/2021 9:45,0,,,
7/21/2021 9:30,0,,,
7/21/2021 9:15,0,,,
7/21/2021 9:00,0,,,
7/21/2021 8:45,0,,,
7/21/2021 8:30,0,,,
7/21/2021 8:15,0,,,
7/21/2021 8:00,0,,,
7/21/2021 7:45,0,,,
7/21/2021 7:30,0,,,
7/21/2021 7:15,0,,,
7/21/2021 7:00,0,,,
7/21/2021 6:45,0,,,
7/21/2021 6:30,0,,,
7/21/2021 6:15,0,,,
7/21/2021 6:00,0,,,
7/21/2021 5:45,0,,,
7/21/2021 5:30,0,,,
7/21/2021 5:15,0,,,
7/21/2021 5:00,0,,,
7/21/2021 4:45,0,,,
7/21/2021 4:30,0,,,
7/21/2021 4:15,0,,,
7/21/2021 4:00,0,,,
7/21/2021 3:45,0,,,
7/21/2021 3:30,0,,,
7/21/2021 3:15,0,,,
7/21/2021 3:00,0,,,
7/21/2021 2:45,0,,,
7/21/2021 2:30,0,,,
7/21/2021 2:15,0,,,
7/21/2021 2:00,0,,,
7/21/2021 1:45,0,,,
7/21/2021 1:30,0,,,
7/21/2021 1:15,0,,,
7/21/2021 1:00,0,,,
7/21/2021 0:45,0,,,
7/21/2021 0:30,0,,,
7/21/2021 0:15,0,,,
7/21/2021 0:00,0,,,
7/20/2021 23:45,0,,,
7/20/2021 23:30,0,,,
7/20/2021 23:15,0,,,
7/20/2021 23:00,0,,,
7/20/2021 22:45,0,,,
7/20/2021 22:30,0,,,
7/20/2021 22:15,0,,,
7/20/2021 22:00,0,,,
7/20/2021 21:45,0,,,
7/20/2021 21:30,0,,,
7/20/2021 21:15,0,,,
7/20/2021 21:00,0,,,
7/20/2021 20:45,0,,,
7/20/2021 20:30,0,,,
7/20/2021 20:15,0,,,
7/20/2021 20:00,0,,,
7/20/2021 19:45,0,,,
7/20/2021 19:30,0,,,
7/20/2021 19:15,0,,,
7/20/2021 19:00,0,,,
7/20/2021 18:45,0,,,
7/20/2021 18:30,0,,,
7/20/2021 18:15,0,,,
7/20/2021 18:00,0,,,
7/20/2021 17:45,0,,,
7/20/2021 17:30,0,,,
7/20/2021 17:15,0,,,
7/20/2021 17:00,0,,,
7/20/2021 16:45,0,,,
7/20/2021 16:30,0,,,
7/20/2021 16:15,0,,,
7/20/2021 16:00,0,,,
7/20/2021 15:45,0,,,
7/20/2021 15:30,0,,,
7/20/2021 15:15,0,,,
7/20/2021 15:00,0,,,
7/20/2021 14:45,0,,,
7/20/2021 14:30,0,,,
7/20/2021 14:15,0,,,
7/20/2021 14:00,0,,,
7/20/2021 13:45,0,,,
7/20/2021 13:30,0,,,
7/20/2021 13:15,0,,,
7/20/2021 13:00,0,,,
7/20/2021 12:45,0,,,
7/20/2021 12:30,0,,,
7/20/2021 12:15,0,,,
7/20/2021 12:00,0,,,
7/20/2021 11:45,0,,,
7/20/2021 11:30,0,,,
7/20/2021 11:15,0,,,
7/20/2021 11:00,0,,,
7/20/2021 10:45,0,,,
7/20/2021 10:30,0,,,
7/20/2021 10:15,0,,,
7/20/2021 10:00,0,,,
7/20/2021 9:45,0,,,
7/20/2021 9:30,0,,,
7/20/2021 9:15,0,,,
7/20/2021 9:00,0,,,
7/20/2021 8:45,0,,,
7/20/2021 8:30,0,,,
7/20/2021 8:15,0,,,
7/20/2021 8:00,0,,,
7/20/2021 7:45,0,,,
7/20/2021 7:30,0,,,
7/20/2021 7:15,0,,,
7/20/2021 7:00,0,,,
7/20/2021 6:45,0,,,
7/20/2021 6:30,0,,,
7/20/2021 6:15,0,,,
7/20/2021 6:00,0,,,
7/20/2021 5:45,0,,,
7/20/2021 5:30,0,,,
7/20/2021 5:15,0,,,
7/20/2021 5:00,0,,,
7/20/2021 4:45,0,,,
7/20/2021 4:30,0,,,
7/20/2021 4:15,0,,,
7/20/2021 4:00,0,,,
7/20/2021 3:45,0,,,
7/20/2021 3:30,0,,,
7/20/2021 3:15,0,,,
7/20/2021 3:00,0,,,
7/20/2021 2:45,0,,,
7/20/2021 2:30,0,,,
7/20/2021 2:15,0,,,
7/20/2021 2:00,0,,,
7/20/2021 1:45,0,,,
7/20/2021 1:30,0,,,
7/20/2021 1:15,0,,,
7/20/2021 1:00,0,,,
7/20/2021 0:45,0,,,
7/20/2021 0:30,0,,,
7/20/2021 0:15,0,,,
7/20/2021 0:00,0,,,
7/19/2021 23:45,0,,,
7/19/2021 23:30,0,,,
7/19/2021 23:15,0,,,
7/19/2021 23:00,0,,,
7/19/2021 22:45,0,,,
7/19/2021 22:30,0,,,
7/19/2021 22:15,0,,,
7/19/2021 22:00,0,,,
7/19/2021 21:45,0,,,
7/19/2021 21:30,0,,,
7/19/2021 21:15,0,,,
7/19/2021 21:00,0,,,
7/19/2021 20:45,0,,,
7/19/2021 20:30,0,,,
7/19/2021 20:15,0,,,
7/19/2021 20:00,0,,,
7/19/2021 19:45,0,,,
7/19/2021 19:30,0,,,
7/19/2021 19:15,0,,,
7/19/2021 19:00,0,,,
7/19/2021 18:45,0,,,
7/19/2021 18:30,0,,,
7/19/2021 18:15,0,,,
7/19/2021 18:00,0,,,
7/19/2021 17:45,0,,,
7/19/2021 17:30,0,,,
7/19/2021 17:15,0,,,
7/19/2021 17:00,0,,,
7/19/2021 16:45,0,,,
7/19/2021 16:30,0,,,
7/19/2021 16:15,0,,,
7/19/2021 16:00,0,,,
7/19/2021 15:45,0,,,
7/19/2021 15:30,0,,,
7/19/2021 15:15,0,,,
7/19/2021 15:00,0,,,
7/19/2021 14:45,0,,,
7/19/2021 14:30,0,,,
7/19/2021 14:15,0,,,
7/19/2021 14:00,0,,,
7/19/2021 13:45,0,,,
7/19/2021 13:30,0,,,
7/19/2021 13:15,0,,,
7/19/2021 13:00,0,,,
7/19/2021 12:45,0,,,
7/19/2021 12:30,0,,,
7/19/2021 12:15,0,,,
7/19/2021 12:00,0,,,
7/19/2021 11:45,0,,,
7/19/2021 11:30,0,,,
7/19/2021 11:15,0,,,
7/19/2021 11:00,0,,,
7/19/2021 10:45,0,,,
7/19/2021 10:30,0,,,
7/19/2021 10:15,0,,,
7/19/2021 10:00,0,,,
7/19/2021 9:45,0,,,
7/19/2021 9:30,0,,,
7/19/2021 9:15,0,,,
7/19/2021 9:00,0,,,
7/19/2021 8:45,0,,,
7/19/2021 8:30,0,,,
7/19/2021 8:15,0,,,
7/19/2021 8:00,0,,,
7/19/2021 7:45,0,,,
7/19/2021 7:30,0,,,
7/19/2021 7:15,0,,,
7/19/2021 7:00,0,,,
7/19/2021 6:45,0,,,
7/19/2021 6:30,0,,,
7/19/2021 6:15,0,,,
7/19/2021 6:00,0,,,
7/19/2021 5:45,0,,,
7/19/2021 5:30,0,,,
7/19/2021 5:15,0,,,
7/19/2021 5:00,0,,,
7/19/2021 4:45,0,,,
7/19/2021 4:30,0,,,
7/19/2021 4:15,0,,,
7/19/2021 4:00,0,,,
7/19/2021 3:45,0,,,
7/19/2021 3:30,0,,,
7/19/2021 3:15,0,,,
7/19/2021 3:00,0,,,
7/19/2021 2:45,0,,,
7/19/2021 2:30,0,,,
7/19/2021 2:15,0,,,
7/19/2021 2:00,0,,,
7/19/2021 1:45,0,,,
7/19/2021 1:30,0,,,
7/19/2021 1:15,0,,,
7/19/2021 1:00,0,,,
7/19/2021 0:45,0,,,
7/19/2021 0:30,0,,,
7/19/2021 0:15,0,,,
7/19/2021 0:00,0,,,
7/18/2021 23:45,0,,,
7/18/2021 23:30,0,,,
7/18/2021 23:15,0,,,
7/18/2021 23:00,0,,,
7/18/2021 22:45,0,,,
7/18/2021 22:30,0,,,
7/18/2021 22:15,0,,,
7/18/2021 22:00,0,,,
7/18/2021 21:45,0,,,
7/18/2021 21:30,0,,,
7/18/2021 21:15,0,,,
7/18/2021 21:00,0,,,
7/18/2021 20:45,0,,,
7/18/2021 20:30,0,,,
7/18/2021 20:15,0,,,
7/18/2021 20:00,0,,,
7/18/2021 19:45,0,,,
7/18/2021 19:30,0,,,
7/18/2021 19:15,0,,,
7/18/2021 19:00,0,,,
7/18/2021 18:45,0,,,
7/18/2021 18:30,0,,,
7/18/2021 18:15,0,,,
7/18/2021 18:00,0,,,
7/18/2021 17:45,0,,,
7/18/2021 17:30,0,,,
7/18/2021 17:15,0,,,
7/18/2021 17:00,0,,,
7/18/2021 16:45,0,,,
7/18/2021 16:30,0,,,
7/18/2021 16:15,0,,,
7/18/2021 16:00,0,,,
7/18/2021 15:45,0,,,
7/18/2021 15:30,0,,,
7/18/2021 15:15,0,,,
7/18/2021 15:00,0,,,
7/18/2021 14:45,0,,,
7/18/2021 14:30,0,,,
7/18/2021 14:15,0,,,
7/18/2021 14:00,0,,,
7/18/2021 13:45,0,,,
7/18/2021 13:30,0,,,
7/18/2021 13:15,0,,,
7/18/2021 13:00,0,,,
7/18/2021 12:45,0,,,
7/18/2021 12:30,0,,,
7/18/2021 12:15,0,,,
7/18/2021 12:00,0,,,
7/18/2021 11:45,0,,,
7/18/2021 11:30,0,,,
7/18/2021 11:15,0,,,
7/18/2021 11:00,0,,,
7/18/2021 10:45,0,,,
7/18/2021 10:30,0,,,
7/18/2021 10:15,0,,,
7/18/2021 10:00,0,,,
7/18/2021 9:45,0,,,
7/18/2021 9:30,0,,,
7/18/2021 9:15,0,,,
7/18/2021 9:00,0,,,
7/18/2021 8:45,0,,,
7/18/2021 8:30,0,,,
7/18/2021 8:15,0,,,
7/18/2021 8:00,0,,,
7/18/2021 7:45,0,,,
7/18/2021 7:30,0,,,
7/18/2021 7:15,0,,,
7/18/2021 7:00,0,,,
7/18/2021 6:45,0,,,
7/18/2021 6:30,0,,,
7/18/2021 6:15,0,,,
7/18/2021 6:00,0,,,
7/18/2021 5:45,0,,,
7/18/2021 5:30,0,,,
7/18/2021 5:15,0,,,
7/18/2021 5:00,0,,,
7/18/2021 4:45,0,,,
7/18/2021 4:30,0,,,
7/18/2021 4:15,0,,,
7/18/2021 4:00,0,,,
7/18/2021 3:45,0,,,
7/18/2021 3:30,0,,,
7/18/2021 3:15,0,,,
7/18/2021 3:00,0,,,
7/18/2021 2:45,0,,,
7/18/2021 2:30,0,,,
7/18/2021 2:15,0,,,
7/18/2021 2:00,0,,,
7/18/2021 1:45,0,,,
7/18/2021 1:30,0,,,
7/18/2021 1:15,0,,,
7/18/2021 1:00,0,,,
7/18/2021 0:45,0,,,
7/18/2021 0:30,0,,,
7/18/2021 0:15,0,,,
7/18/2021 0:00,0,,,
7/17/2021 23:45,0,,,
7/17/2021 23:30,0,,,
7/17/2021 23:15,0,,,
7/17/2021 23:00,0,,,
7/17/2021 22:45,0,,,
7/17/2021 22:30,0,,,
7/17/2021 22:15,0,,,
7/17/2021 22:00,0,,,
7/17/2021 21:45,0,,,
7/17/2021 21:30,0,,,
7/17/2021 21:15,0,,,
7/17/2021 21:00,0,,,
7/17/2021 20:45,0,,,
7/17/2021 20:30,0,,,
7/17/2021 20:15,0,,,
7/17/2021 20:00,0,,,
7/17/2021 19:45,0,,,
7/17/2021 19:30,0,,,
7/17/2021 19:15,0,,,
7/17/2021 19:00,0,,,
7/17/2021 18:45,0,,,
7/17/2021 18:30,0,,,
7/17/2021 18:15,0,,,
7/17/2021 18:00,0,,,
7/17/2021 17:45,0,,,
7/17/2021 17:30,0,,,
7/17/2021 17:15,0,,,
7/17/2021 17:00,0,,,
7/17/2021 16:45,0,,,
7/17/2021 16:30,0,,,
7/17/2021 16:15,0,,,
7/17/2021 16:00,0,,,
7/17/2021 15:45,0,,,
7/17/2021 15:30,0,,,
7/17/2021 15:15,0,,,
7/17/2021 15:00,0,,,
7/17/2021 14:45,0,,,
7/17/2021 14:30,0,,,
7/17/2021 14:15,0,,,
7/17/2021 14:00,0,,,
7/17/2021 13:45,0,,,
7/17/2021 13:30,0,,,
7/17/2021 13:15,0,,,
7/17/2021 13:00,0,,,
7/17/2021 12:45,0,,,
7/17/2021 12:30,0,,,
7/17/2021 12:15,0,,,
7/17/2021 12:00,0,,,
7/17/2021 11:45,0,,,
7/17/2021 11:30,0,,,
7/17/2021 11:15,0,,,
7/17/2021 11:00,0,,,
7/17/2021 10:45,0,,,
7/17/2021 10:30,0,,,
7/17/2021 10:15,0,,,
7/17/2021 10:00,0,,,
7/17/2021 9:45,0,,,
7/17/2021 9:30,0,,,
7/17/2021 9:15,0,,,
7/17/2021 9:00,0,,,
7/17/2021 8:45,0,,,
7/17/2021 8:30,0,,,
7/17/2021 8:15,0,,,
7/17/2021 8:00,0,,,
7/17/2021 7:45,0,,,
7/17/2021 7:30,0,,,
7/17/2021 7:15,0,,,
7/17/2021 7:00,0,,,
7/17/2021 6:45,0,,,
7/17/2021 6:30,0,,,
7/17/2021 6:15,0,,,
7/17/2021 6:00,0,,,
7/17/2021 5:45,0,,,
7/17/2021 5:30,0,,,
7/17/2021 5:15,0,,,
7/17/2021 5:00,0,,,
7/17/2021 4:45,0,,,
7/17/2021 4:30,0,,,
7/17/2021 4:15,0,,,
7/17/2021 4:00,0,,,
7/17/2021 3:45,0,,,
7/17/2021 3:30,0,,,
7/17/2021 3:15,0,,,
7/17/2021 3:00,0,,,
7/17/2021 2:45,0,,,
7/17/2021 2:30,0,,,
7/17/2021 2:15,0,,,
7/17/2021 2:00,0,,,
7/17/2021 1:45,0,,,
7/17/2021 1:30,0,,,
7/17/2021 1:15,0,,,
7/17/2021 1:00,0,,,
7/17/2021 0:45,0,,,
7/17/2021 0:30,0,,,
7/17/2021 0:15,0,,,
7/17/2021 0:00,0,,,
7/16/2021 23:45,0,,,
7/16/2021 23:30,0,,,
7/16/2021 23:15,0,,,
7/16/2021 23:00,0,,,
7/16/2021 22:45,0,,,
7/16/2021 22:30,0,,,
7/16/2021 22:15,0,,,
7/16/2021 22:00,0,,,
7/16/2021 21:45,0,,,
7/16/2021 21:30,0,,,
7/16/2021 21:15,0,,,
7/16/2021 21:00,0,,,
7/16/2021 20:45,0,,,
7/16/2021 20:30,0,,,
7/16/2021 20:15,0,,,
7/16/2021 20:00,0,,,
7/16/2021 19:45,0,,,
7/16/2021 19:30,0,,,
7/16/2021 19:15,0,,,
7/16/2021 19:00,0,,,
7/16/2021 18:45,0,,,
7/16/2021 18:30,0,,,
7/16/2021 18:15,0,,,
7/16/2021 18:00,0,,,
7/16/2021 17:45,0,,,
7/16/2021 17:30,0,,,
7/16/2021 17:15,0,,,
7/16/2021 17:00,0,,,
7/16/2021 16:45,0,,,
7/16/2021 16:30,0,,,
7/16/2021 16:15,0,,,
7/16/2021 16:00,0,,,
7/16/2021 15:45,0,,,
7/16/2021 15:30,0,,,
7/16/2021 15:15,0,,,
7/16/2021 15:00,0,,,
7/16/2021 14:45,0,,,
7/16/2021 14:30,0,,,
7/16/2021 14:15,0,,,
7/16/2021 14:00,0,,,
7/16/2021 13:45,0,,,
7/16/2021 13:30,0,,,
7/16/2021 13:15,0,,,
7/16/2021 13:00,0,,,
7/16/2021 12:45,0,,,
7/16/2021 12:30,0,,,
7/16/2021 12:15,0,,,
7/16/2021 12:00,0,,,
7/16/2021 11:45,0,,,
7/16/2021 11:30,0,,,
7/16/2021 11:15,0,,,
7/16/2021 11:00,0,,,
7/16/2021 10:45,0,,,
7/16/2021 10:30,0,,,
7/16/2021 10:15,0,,,
7/16/2021 10:00,0,,,
7/16/2021 9:45,0,,,
7/16/2021 9:30,0,,,
7/16/2021 9:15,0,,,
7/16/2021 9:00,0,,,
7/16/2021 8:45,0,,,
7/16/2021 8:30,0,,,
7/16/2021 8:15,0,,,
7/16/2021 8:00,0,,,
7/16/2021 7:45,0,,,
7/16/2021 7:30,0,,,
7/16/2021 7:15,0,,,
7/16/2021 7:00,0,,,
7/16/2021 6:45,0,,,
7/16/2021 6:30,0,,,
7/16/2021 6:15,0,,,
7/16/2021 6:00,0,,,
7/16/2021 5:45,0,,,
7/16/2021 5:30,0,,,
7/16/2021 5:15,0,,,
7/16/2021 5:00,0,,,
7/16/2021 4:45,0,,,
7/16/2021 4:30,0,,,
7/16/2021 4:15,0,,,
7/16/2021 4:00,0,,,
7/16/2021 3:45,0,,,
7/16/2021 3:30,0,,,
7/16/2021 3:15,0,,,
7/16/2021 3:00,0,,,
7/16/2021 2:45,0,,,
7/16/2021 2:30,0,,,
7/16/2021 2:15,0,,,
7/16/2021 2:00,0,,,
7/16/2021 1:45,0,,,
7/16/2021 1:30,0,,,
7/16/2021 1:15,0,,,
7/16/2021 1:00,0,,,
7/16/2021 0:45,0,,,
7/16/2021 0:30,0,,,
7/16/2021 0:15,0,,,
7/16/2021 0:00,0,,,
7/15/2021 23:45,0,,,
7/15/2021 23:30,0,,,
7/15/2021 23:15,0,,,
7/15/2021 23:00,0,,,
7/15/2021 22:45,0,,,
7/15/2021 22:30,0,,,
7/15/2021 22:15,0,,,
7/15/2021 22:00,0,,,
7/15/2021 21:45,0,,,
7/15/2021 21:30,0,,,
7/15/2021 21:15,0,,,
7/15/2021 21:00,0,,,
7/15/2021 20:45,0,,,
7/15/2021 20:30,0,,,
7/15/2021 20:15,0,,,
7/15/2021 20:00,0,,,
7/15/2021 19:45,0,,,
7/15/2021 19:30,0,,,
7/15/2021 19:15,0,,,
7/15/2021 19:00,0,,,
7/15/2021 18:45,0,,,
7/15/2021 18:30,0,,,
7/15/2021 18:15,0,,,
7/15/2021 18:00,0,,,
7/15/2021 17:45,0,,,
7/15/2021 17:30,0,,,
7/15/2021 17:15,0,,,
7/15/2021 17:00,0,,,
7/15/2021 16:45,0,,,
7/15/2021 16:30,0,,,
7/15/2021 16:15,0,,,
7/15/2021 16:00,0,,,
7/15/2021 15:45,0,,,
7/15/2021 15:30,0,,,
7/15/2021 15:15,0,,,
7/15/2021 15:00,0,,,
7/15/2021 14:45,0,,,
7/15/2021 14:30,0,,,
7/15/2021 14:15,0,,,
7/15/2021 14:00,0,,,
7/15/2021 13:45,0,,,
7/15/2021 13:30,0,,,
7/15/2021 13:15,0,,,
7/15/2021 13:00,0,,,
7/15/2021 12:45,0,,,
7/15/2021 12:30,0,,,
7/15/2021 12:15,0,,,
7/15/2021 12:00,0,,,
7/15/2021 11:45,0,,,
7/15/2021 11:30,0,,,
7/15/2021 11:15,0,,,
7/15/2021 11:00,0,,,
7/15/2021 10:45,0,,,
7/15/2021 10:30,0,,,
7/15/2021 10:15,0,,,
7/15/2021 10:00,0,,,
7/15/2021 9:45,0,,,
7/15/2021 9:30,0,,,
7/15/2021 9:15,0,,,
7/15/2021 9:00,0,,,
7/15/2021 8:45,0,,,
7/15/2021 8:30,0,,,
7/15/2021 8:15,0,,,
7/15/2021 8:00,0,,,
7/15/2021 7:45,0,,,
7/15/2021 7:30,0,,,
7/15/2021 7:15,0,,,
7/15/2021 7:00,0,,,
7/15/2021 6:45,0,,,
7/15/2021 6:30,0,,,
7/15/2021 6:15,0,,,
7/15/2021 6:00,0,,,
7/15/2021 5:45,0,,,
7/15/2021 5:30,0,,,
7/15/2021 5:15,0,,,
7/15/2021 5:00,0,,,
7/15/2021 4:45,0,,,
7/15/2021 4:30,0,,,
7/15/2021 4:15,0,,,
7/15/2021 4:00,0,,,
7/15/2021 3:45,0,,,
7/15/2021 3:30,0,,,
7/15/2021 3:15,0,,,
7/15/2021 3:00,0,,,
7/15/2021 2:45,0,,,
7/15/2021 2:30,0,,,
7/15/2021 2:15,0,,,
7/15/2021 2:00,0,,,
7/15/2021 1:45,0,,,
7/15/2021 1:30,0,,,
7/15/2021 1:15,0,,,
7/15/2021 1:00,0,,,
7/15/2021 0:45,0,,,
7/15/2021 0:30,0,,,
7/15/2021 0:15,0,,,
7/15/2021 0:00,0,,,
7/14/2021 23:45,0,,,
7/14/2021 23:30,0,,,
7/14/2021 23:15,0,,,
7/14/2021 23:00,0,,,
7/14/2021 22:45,0,,,
7/14/2021 22:30,0,,,
7/14/2021 22:15,0,,,
7/14/2021 22:00,0,,,
7/14/2021 21:45,0,,,
7/14/2021 21:30,0,,,
7/14/2021 21:15,0,,,
7/14/2021 21:00,0,,,
7/14/2021 20:45,0,,,
7/14/2021 20:30,0,,,
7/14/2021 20:15,0,,,
7/14/2021 20:00,0,,,
7/14/2021 19:45,0,,,
7/14/2021 19:30,0,,,
7/14/2021 19:15,0,,,
7/14/2021 19:00,0,,,
7/14/2021 18:45,0,,,
7/14/2021 18:30,0,,,
7/14/2021 18:15,0,,,
7/14/2021 18:00,0,,,
7/14/2021 17:45,0,,,
7/14/2021 17:30,0,,,
7/14/2021 17:15,0,,,
7/14/2021 17:00,0,,,
7/14/2021 16:45,0,,,
7/14/2021 16:30,0,,,
7/14/2021 16:15,0,,,
7/14/2021 16:00,0,,,
7/14/2021 15:45,0,,,
7/14/2021 15:30,0,,,
7/14/2021 15:15,0,,,
7/14/2021 15:00,0,,,
7/14/2021 14:45,0,,,
7/14/2021 14:30,0,,,
7/14/2021 14:15,0,,,
7/14/2021 14:00,0,,,
7/14/2021 13:45,0,,,
7/14/2021 13:30,0,,,
7/14/2021 13:15,0,,,
7/14/2021 13:00,0,,,
7/14/2021 12:45,0,,,
7/14/2021 12:30,0,,,
7/14/2021 12:15,0,,,
7/14/2021 12:00,0,,,
7/14/2021 11:45,0,,,
7/14/2021 11:30,0,,,
7/14/2021 11:15,0,,,
7/14/2021 11:00,0,,,
7/14/2021 10:45,0,,,
7/14/2021 10:30,0,,,
7/14/2021 10:15,0,,,
7/14/2021 10:00,0,,,
7/14/2021 9:45,0,,,
7/14/2021 9:30,0,,,
7/14/2021 9:15,0,,,
7/14/2021 9:00,0,,,
7/14/2021 8:45,0,,,
7/14/2021 8:30,0,,,
7/14/2021 8:15,0,,,
7/14/2021 8:00,0,,,
7/14/2021 7:45,0,,,
7/14/2021 7:30,0,,,
7/14/2021 7:15,0,,,
7/14/2021 7:00,0,,,
7/14/2021 6:45,0,,,
7/14/2021 6:30,0,,,
7/14/2021 6:15,0,,,
7/14/2021 6:00,0,,,
7/14/2021 5:45,0,,,
7/14/2021 5:30,0,,,
7/14/2021 5:15,0,,,
7/14/2021 5:00,0,,,
7/14/2021 4:45,0,,,
7/14/2021 4:30,0,,,
7/14/2021 4:15,0,,,
7/14/2021 4:00,0,,,
7/14/2021 3:45,0,,,
7/14/2021 3:30,0,,,
7/14/2021 3:15,0,,,
7/14/2021 3:00,0,,,
7/14/2021 2:45,0,,,
7/14/2021 2:30,0,,,
7/14/2021 2:15,0,,,
7/14/2021 2:00,0,,,
7/14/2021 1:45,0,,,
7/14/2021 1:30,0,,,
7/14/2021 1:15,0,,,
7/14/2021 1:00,0,,,
7/14/2021 0:45,0,,,
7/14/2021 0:30,0,,,
7/14/2021 0:15,0,,,
7/14/2021 0:00,0,,,
7/13/2021 23:45,0,,,
7/13/2021 23:30,0,,,
7/13/2021 23:15,0,,,
7/13/2021 23:00,0,,,
7/13/2021 22:45,0,,,
7/13/2021 22:30,0,,,
7/13/2021 22:15,0,,,
7/13/2021 22:00,0,,,
7/13/2021 21:45,0,,,
7/13/2021 21:30,0,,,
7/13/2021 21:15,0,,,
7/13/2021 21:00,0,,,
7/13/2021 20:45,0,,,
7/13/2021 20:30,0,,,
7/13/2021 20:15,0,,,
7/13/2021 20:00,0,,,
7/13/2021 19:45,0,,,
7/13/2021 19:30,0,,,
7/13/2021 19:15,0,,,
7/13/2021 19:00,0,,,
7/13/2021 18:45,0,,,
7/13/2021 18:30,0,,,
7/13/2021 18:15,0,,,
7/13/2021 18:00,0,,,
7/13/2021 17:45,0,,,
7/13/2021 17:30,0,,,
7/13/2021 17:15,0,,,
7/13/2021 17:00,0,,,
7/13/2021 16:45,0,,,
7/13/2021 16:30,0,,,
7/13/2021 16:15,0,,,
7/13/2021 16:00,0,,,
7/13/2021 15:45,0,,,
7/13/2021 15:30,0,,,
7/13/2021 15:15,0,,,
7/13/2021 15:00,0,,,
7/13/2021 14:45,0,,,
7/13/2021 14:30,0,,,
7/13/2021 14:15,0,,,
7/13/2021 14:00,0,,,
7/13/2021 13:45,0,,,
7/13/2021 13:30,0,,,
7/13/2021 13:15,0,,,
7/13/2021 13:00,0,,,
7/13/2021 12:45,0,,,
7/13/2021 12:30,0,,,
7/13/2021 12:15,0,,,
7/13/2021 12:00,0,,,
7/13/2021 11:45,0,,,
7/13/2021 11:30,0,,,
7/13/2021 11:15,0,,,
7/13/2021 11:00,0,,,
7/13/2021 10:45,0,,,
7/13/2021 10:30,0,,,
7/13/2021 10:15,0,,,
7/13/2021 10:00,0,,,
7/13/2021 9:45,0,,,
7/13/2021 9:30,0,,,
7/13/2021 9:15,0,,,
7/13/2021 9:00,0,,,
7/13/2021 8:45,0,,,
7/13/2021 8:30,0,,,
7/13/2021 8:15,0,,,
7/13/2021 8:00,0,,,
7/13/2021 7:45,0,,,
7/13/2021 7:30,0,,,
7/13/2021 7:15,0,,,
7/13/2021 7:00,0,,,
7/13/2021 6:45,0,,,
7/13/2021 6:30,0,,,
7/13/2021 6:15,0,,,
7/13/2021 6:00,0,,,
7/13/2021 5:45,0,,,
7/13/2021 5:30,0,,,
7/13/2021 5:15,0,,,
7/13/2021 5:00,0,,,
7/13/2021 4:45,0,,,
7/13/2021 4:30,0,,,
7/13/2021 4:15,0,,,
7/13/2021 4:00,0,,,
7/13/2021 3:45,0,,,
7/13/2021 3:30,0,,,
7/13/2021 3:15,0,,,
7/13/2021 3:00,0,,,
7/13/2021 2:45,0,,,
7/13/2021 2:30,0,,,
7/13/2021 2:15,0,,,
7/13/2021 2:00,0,,,
7/13/2021 1:45,0,,,
7/13/2021 1:30,0,,,
7/13/2021 1:15,0,,,
7/13/2021 1:00,0,,,
7/13/2021 0:45,0,,,
7/13/2021 0:30,0,,,
7/13/2021 0:15,0,,,
7/13/2021 0:00,0,,,
7/12/2021 23:45,0,,,
7/12/2021 23:30,0,,,
7/12/2021 23:15,0,,,
7/12/2021 23:00,0,,,
7/12/2021 22:45,0,,,
7/12/2021 22:30,0,,,
7/12/2021 22:15,0,,,
7/12/2021 22:00,0,,,
7/12/2021 21:45,0,,,
7/12/2021 21:30,0,,,
7/12/2021 21:15,0,,,
7/12/2021 21:00,0,,,
7/12/2021 20:45,0,,,
7/12/2021 20:30,0,,,
7/12/2021 20:15,0,,,
7/12/2021 20:00,0,,,
7/12/2021 19:45,0,,,
7/12/2021 19:30,0,,,
7/12/2021 19:15,0,,,
7/12/2021 19:00,0,,,
7/12/2021 18:45,0,,,
7/12/2021 18:30,0,,,
7/12/2021 18:15,0,,,
7/12/2021 18:00,0,,,
7/12/2021 17:45,0,,,
7/12/2021 17:30,0,,,
7/12/2021 17:15,0,,,
7/12/2021 17:00,0,,,
7/12/2021 16:45,0,,,
7/12/2021 16:30,0,,,
7/12/2021 16:15,0,,,
7/12/2021 16:00,0,,,
7/12/2021 15:45,0,,,
7/12/2021 15:30,0,,,
7/12/2021 15:15,0,,,
7/12/2021 15:00,0,,,
7/12/2021 14:45,0,,,
7/12/2021 14:30,0,,,
7/12/2021 14:15,0,,,
7/12/2021 14:00,0,,,
7/12/2021 13:45,0,,,
7/12/2021 13:30,0,,,
7/12/2021 13:15,0,,,
7/12/2021 13:00,0,,,
7/12/2021 12:45,0,,,
7/12/2021 12:30,0,,,
7/12/2021 12:15,0,,,
7/12/2021 12:00,0,,,
7/12/2021 11:45,0,,,
7/12/2021 11:30,0,,,
7/12/2021 11:15,0,,,
7/12/2021 11:00,0,,,
7/12/2021 10:45,0,,,
7/12/2021 10:30,0,,,
7/12/2021 10:15,0,,,
7/12/2021 10:00,0,,,
7/12/2021 9:45,0,,,
7/12/2021 9:30,0,,,
7/12/2021 9:15,0,,,
7/12/2021 9:00,0,,,
7/12/2021 8:45,0,,,
7/12/2021 8:30,0,,,
7/12/2021 8:15,0,,,
7/12/2021 8:00,0,,,
7/12/2021 7:45,0,,,
7/12/2021 7:30,0,,,
7/12/2021 7:15,0,,,
7/12/2021 7:00,0,,,
7/12/2021 6:45,0,,,
7/12/2021 6:30,0,,,
7/12/2021 6:15,0,,,
7/12/2021 6:00,0,,,
7/12/2021 5:45,0,,,
7/12/2021 5:30,0,,,
7/12/2021 5:15,0,,,
7/12/2021 5:00,0,,,
7/12/2021 4:45,0,,,
7/12/2021 4:30,0,,,
7/12/2021 4:15,0,,,
7/12/2021 4:00,0,,,
7/12/2021 3:45,0,,,
7/12/2021 3:30,0,,,
7/12/2021 3:15,0,,,
7/12/2021 3:00,0,,,
7/12/2021 2:45,0,,,
7/12/2021 2:30,0,,,
7/12/2021 2:15,0,,,
7/12/2021 2:00,0,,,
7/12/2021 1:45,0,,,
7/12/2021 1:30,0,,,
7/12/2021 1:15,0,,,
7/12/2021 1:00,0,,,
7/12/2021 0:45,0,,,
7/12/2021 0:30,0,,,
7/12/2021 0:15,0,,,
7/12/2021 0:00,0,,,
7/11/2021 23:45,0,,,
7/11/2021 23:30,0,,,
7/11/2021 23:15,0,,,
7/11/2021 23:00,0,,,
7/11/2021 22:45,0,,,
7/11/2021 22:30,0,,,
7/11/2021 22:15,0,,,
7/11/2021 22:00,0,,,
7/11/2021 21:45,0,,,
7/11/2021 21:30,0,,,
7/11/2021 21:15,0,,,
7/11/2021 21:00,0,,,
7/11/2021 20:45,0,,,
7/11/2021 20:30,0,,,
7/11/2021 20:15,0,,,
7/11/2021 20:00,0,,,
7/11/2021 19:45,0,,,
7/11/2021 19:30,0,,,
7/11/2021 19:15,0,,,
7/11/2021 19:00,0,,,
7/11/2021 18:45,0,,,
7/11/2021 18:30,0,,,
7/11/2021 18:15,0,,,
7/11/2021 18:00,0,,,
7/11/2021 17:45,0,,,
7/11/2021 17:30,0,,,
7/11/2021 17:15,0,,,
7/11/2021 17:00,0,,,
7/11/2021 16:45,0,,,
7/11/2021 16:30,0,,,
7/11/2021 16:15,0,,,
7/11/2021 16:00,0,,,
7/11/2021 15:45,0,,,
7/11/2021 15:30,0,,,
7/11/2021 15:15,0,,,
7/11/2021 15:00,0,,,
7/11/2021 14:45,0,,,
7/11/2021 14:30,0,,,
7/11/2021 14:15,0,,,
7/11/2021 14:00,0,,,
7/11/2021 13:45,0,,,
7/11/2021 13:30,0,,,
7/11/2021 13:15,0,,,
7/11/2021 13:00,0,,,
7/11/2021 12:45,0,,,
7/11/2021 12:30,0,,,
7/11/2021 12:15,0,,,
7/11/2021 12:00,0,,,
7/11/2021 11:45,0,,,
7/11/2021 11:30,0,,,
7/11/2021 11:15,0,,,
7/11/2021 11:00,0,,,
7/11/2021 10:45,0,,,
7/11/2021 10:30,0,,,
7/11/2021 10:15,0,,,
7/11/2021 10:00,0,,,
7/11/2021 9:45,0,,,
7/11/2021 9:30,0,,,
7/11/2021 9:15,0,,,
7/11/2021 9:00,0,,,
7/11/2021 8:45,0,,,
7/11/2021 8:30,0,,,
7/11/2021 8:15,0,,,
7/11/2021 8:00,0,,,
7/11/2021 7:45,0,,,
7/11/2021 7:30,0,,,
7/11/2021 7:15,0,,,
7/11/2021 7:00,0,,,
7/11/2021 6:45,0,,,
7/11/2021 6:30,0,,,
7/11/2021 6:15,0,,,
7/11/2021 6:00,0,,,
7/11/2021 5:45,0,,,
7/11/2021 5:30,0,,,
7/11/2021 5:15,0,,,
7/11/2021 5:00,0,,,
7/11/2021 4:45,0,,,
7/11/2021 4:30,0,,,
7/11/2021 4:15,0,,,
7/11/2021 4:00,0,,,
7/11/2021 3:45,0,,,
7/11/2021 3:30,0,,,
7/11/2021 3:15,0,,,
7/11/2021 3:00,0,,,
7/11/2021 2:45,0,,,
7/11/2021 2:30,0,,,
7/11/2021 2:15,0,,,
7/11/2021 2:00,0,,,
7/11/2021 1:45,0,,,
7/11/2021 1:30,0,,,
7/11/2021 1:15,0,,,
7/11/2021 1:00,0,,,
7/11/2021 0:45,0,,,
7/11/2021 0:30,0,,,
7/11/2021 0:15,0,,,
7/11/2021 0:00,0,,,
7/10/2021 23:45,0,,,
7/10/2021 23:30,0,,,
7/10/2021 23:15,0,,,
7/10/2021 23:00,0,,,
7/10/2021 22:45,0,,,
7/10/2021 22:30,0,,,
7/10/2021 22:15,0,,,
7/10/2021 22:00,0,,,
7/10/2021 21:45,0,,,
7/10/2021 21:30,0,,,
7/10/2021 21:15,0,,,
7/10/2021 21:00,0,,,
7/10/2021 20:45,0,,,
7/10/2021 20:30,0,,,
7/10/2021 20:15,0,,,
7/10/2021 20:00,0,,,
7/10/2021 19:45,0,,,
7/10/2021 19:30,0,,,
7/10/2021 19:15,0,,,
7/10/2021 19:00,0,,,
7/10/2021 18:45,0,,,
7/10/2021 18:30,0,,,
7/10/2021 18:15,0,,,
7/10/2021 18:00,0,,,
7/10/2021 17:45,0,,,
7/10/2021 17:30,0,,,
7/10/2021 17:15,0,,,
7/10/2021 17:00,0,,,
7/10/2021 16:45,0,,,
7/10/2021 16:30,0,,,
7/10/2021 16:15,0,,,
7/10/2021 16:00,0,,,
7/10/2021 15:45,0,,,
7/10/2021 15:30,0,,,
7/10/2021 15:15,0,,,
7/10/2021 15:00,0,,,
7/10/2021 14:45,0,,,
7/10/2021 14:30,0,,,
7/10/2021 14:15,0,,,
7/10/2021 14:00,0,,,
7/10/2021 13:45,0,,,
7/10/2021 13:30,0,,,
7/10/2021 13:15,0,,,
7/10/2021 13:00,0,,,
7/10/2021 12:45,0,,,
7/10/2021 12:30,0,,,
7/10/2021 12:15,0,,,
7/10/2021 12:00,0,,,
7/10/2021 11:45,0,,,
7/10/2021 11:30,0,,,
7/10/2021 11:15,0,,,
7/10/2021 11:00,0,,,
7/10/2021 10:45,0,,,
7/10/2021 10:30,0,,,
7/10/2021 10:15,0,,,
7/10/2021 10:00,0,,,
7/10/2021 9:45,0,,,
7/10/2021 9:30,0,,,
7/10/2021 9:15,0,,,
7/10/2021 9:00,0,,,
7/10/2021 8:45,0,,,
7/10/2021 8:30,0,,,
7/10/2021 8:15,0,,,
7/10/2021 8:00,0,,,
7/10/2021 7:45,0,,,
7/10/2021 7:30,0,,,
7/10/2021 7:15,0,,,
7/10/2021 7:00,0,,,
7/10/2021 6:45,0,,,
7/10/2021 6:30,0,,,
7/10/2021 6:15,0,,,
7/10/2021 6:00,0,,,
7/10/2021 5:45,0,,,
7/10/2021 5:30,0,,,
7/10/2021 5:15,0,,,
7/10/2021 5:00,0,,,
7/10/2021 4:45,0,,,
7/10/2021 4:30,0,,,
7/10/2021 4:15,0,,,
7/10/2021 4:00,0,,,
7/10/2021 3:45,0,,,
7/10/2021 3:30,0,,,
7/10/2021 3:15,0,,,
7/10/2021 3:00,0,,,
7/10/2021 2:45,0,,,
7/10/2021 2:30,0,,,
7/10/2021 2:15,0,,,
7/10/2021 2:00,0,,,
7/10/2021 1:45,0,,,
7/10/2021 1:30,0,,,
7/10/2021 1:15,0,,,
7/10/2021 1:00,0,,,
7/10/2021 0:45,0,,,
7/10/2021 0:30,0,,,
7/10/2021 0:15,0,,,
7/10/2021 0:00,0,,,
7/9/2021 23:45,0,,,
7/9/2021 23:30,0,,,
7/9/2021 23:15,0,,,
7/9/2021 23:00,0,,,
7/9/2021 22:45,0,,,
7/9/2021 22:30,0,,,
7/9/2021 22:15,0,,,
7/9/2021 22:00,0,,,
7/9/2021 21:45,0,,,
7/9/2021 21:30,0,,,
7/9/2021 21:15,0,,,
7/9/2021 21:00,0,,,
7/9/2021 20:45,0,,,
7/9/2021 20:30,0,,,
7/9/2021 20:15,0,,,
7/9/2021 20:00,0,,,
7/9/2021 19:45,0,,,
7/9/2021 19:30,0,,,
7/9/2021 19:15,0,,,
7/9/2021 19:00,0,,,
7/9/2021 18:45,0,,,
7/9/2021 18:30,0,,,
7/9/2021 18:15,0,,,
7/9/2021 18:00,0,,,
7/9/2021 17:45,0,,,
7/9/2021 17:30,0,,,
7/9/2021 17:15,0,,,
7/9/2021 17:00,0,,,
7/9/2021 16:45,0,,,
7/9/2021 16:30,0,,,
7/9/2021 16:15,0,,,
7/9/2021 16:00,0,,,
7/9/2021 15:45,0,,,
7/9/2021 15:30,0,,,
7/9/2021 15:15,0,,,
7/9/2021 15:00,0,,,
7/9/2021 14:45,0,,,
7/9/2021 14:30,0,,,
7/9/2021 14:15,0,,,
7/9/2021 14:00,0,,,
7/9/2021 13:45,0,,,
7/9/2021 13:30,0,,,
7/9/2021 13:15,0,,,
7/9/2021 13:00,0,,,
7/9/2021 12:45,0,,,
7/9/2021 12:30,0,,,
7/9/2021 12:15,0,,,
7/9/2021 12:00,0,,,
7/9/2021 11:45,0,,,
7/9/2021 11:30,0,,,
7/9/2021 11:15,0,,,
7/9/2021 11:00,0,,,
7/9/2021 10:45,0,,,
7/9/2021 10:30,0,,,
7/9/2021 10:15,0,,,
7/9/2021 10:00,0,,,
7/9/2021 9:45,0,,,
7/9/2021 9:30,0,,,
7/9/2021 9:15,0,,,
7/9/2021 9:00,0,,,
7/9/2021 8:45,0,,,
7/9/2021 8:30,0,,,
7/9/2021 8:15,0,,,
7/9/2021 8:00,0,,,
7/9/2021 7:45,0,,,
7/9/2021 7:30,0,,,
7/9/2021 7:15,0,,,
7/9/2021 7:00,0,,,
7/9/2021 6:45,0,,,
7/9/2021 6:30,0,,,
7/9/2021 6:15,0,,,
7/9/2021 6:00,0,,,
7/9/2021 5:45,0,,,
7/9/2021 5:30,0,,,
7/9/2021 5:15,0,,,
7/9/2021 5:00,0,,,
7/9/2021 4:45,0,,,
7/9/2021 4:30,0,,,
7/9/2021 4:15,0,,,
7/9/2021 4:00,0,,,
7/9/2021 3:45,0,,,
7/9/2021 3:30,0,,,
7/9/2021 3:15,0,,,
7/9/2021 3:00,0,,,
7/9/2021 2:45,0,,,
7/9/2021 2:30,0,,,
7/9/2021 2:15,0,,,
7/9/2021 2:00,0,,,
7/9/2021 1:45,0,,,
7/9/2021 1:30,0,,,
7/9/2021 1:15,0,,,
7/9/2021 1:00,0,,,
7/9/2021 0:45,0,,,
7/9/2021 0:30,0,,,
7/9/2021 0:15,0,,,
7/9/2021 0:00,0,,,
7/8/2021 23:45,0,,,
7/8/2021 23:30,0,,,
7/8/2021 23:15,0,,,
7/8/2021 23:00,0,,,
7/8/2021 22:45,0,,,
7/8/2021 22:30,0,,,
7/8/2021 22:15,0,,,
7/8/2021 22:00,0,,,
7/8/2021 21:45,0,,,
7/8/2021 21:30,0,,,
7/8/2021 21:15,0,,,
7/8/2021 21:00,0,,,
7/8/2021 20:45,0,,,
7/8/2021 20:30,0,,,
7/8/2021 20:15,0,,,
7/8/2021 20:00,0,,,
7/8/2021 19:45,0,,,
7/8/2021 19:30,0,,,
7/8/2021 19:15,0,,,
7/8/2021 19:00,0,,,
7/8/2021 18:45,0,,,
7/8/2021 18:30,0,,,
7/8/2021 18:15,0,,,
7/8/2021 18:00,0,,,
7/8/2021 17:45,0,,,
7/8/2021 17:30,0,,,
7/8/2021 17:15,0,,,
7/8/2021 17:00,0,,,
7/8/2021 16:45,0,,,
7/8/2021 16:30,0,,,
7/8/2021 16:15,0,,,
7/8/2021 16:00,0,,,
7/8/2021 15:45,0,,,
7/8/2021 15:30,0,,,
7/8/2021 15:15,0,,,
7/8/2021 15:00,0,,,
7/8/2021 14:45,0,,,
7/8/2021 14:30,0,,,
7/8/2021 14:15,0,,,
7/8/2021 14:00,0,,,
7/8/2021 13:45,0,,,
7/8/2021 13:30,0,,,
7/8/2021 13:15,0,,,
7/8/2021 13:00,0,,,
7/8/2021 12:45,0,,,
7/8/2021 12:30,0,,,
7/8/2021 12:15,0,,,
7/8/2021 12:00,0,,,
7/8/2021 11:45,0,,,
7/8/2021 11:30,0,,,
7/8/2021 11:15,0,,,
7/8/2021 11:00,0,,,
7/8/2021 10:45,0,,,
7/8/2021 10:30,0,,,
7/8/2021 10:15,0,,,
7/8/2021 10:00,0,,,
7/8/2021 9:45,0,,,
7/8/2021 9:30,0,,,
7/8/2021 9:15,0,,,
7/8/2021 9:00,0,,,
7/8/2021 8:45,0,,,
7/8/2021 8:30,0,,,
7/8/2021 8:15,0,,,
7/8/2021 8:00,0,,,
7/8/2021 7:45,0,,,
7/8/2021 7:30,0,,,
7/8/2021 7:15,0,,,
7/8/2021 7:00,0,,,
7/8/2021 6:45,0,,,
7/8/2021 6:30,0,,,
7/8/2021 6:15,0,,,
7/8/2021 6:00,0,,,
7/8/2021 5:45,0,,,
7/8/2021 5:30,0,,,
7/8/2021 5:15,0,,,
7/8/2021 5:00,0,,,
7/8/2021 4:45,0,,,
7/8/2021 4:30,0,,,
7/8/2021 4:15,0,,,
7/8/2021 4:00,0,,,
7/8/2021 3:45,0,,,
7/8/2021 3:30,0,,,
7/8/2021 3:15,0,,,
7/8/2021 3:00,0,,,
7/8/2021 2:45,0,,,
7/8/2021 2:30,0,,,
7/8/2021 2:15,0,,,
7/8/2021 2:00,0,,,
7/8/2021 1:45,0,,,
7/8/2021 1:30,0,,,
7/8/2021 1:15,0,,,
7/8/2021 1:00,0,,,
7/8/2021 0:45,0,,,
7/8/2021 0:30,0,,,
7/8/2021 0:15,0,,,
7/8/2021 0:00,0,,,
7/7/2021 23:45,0,,,
7/7/2021 23:30,0,,,
7/7/2021 23:15,0,,,
7/7/2021 23:00,0,,,
7/7/2021 22:45,0,,,
7/7/2021 22:30,0,,,
7/7/2021 22:15,0,,,
7/7/2021 22:00,0,,,
7/7/2021 21:45,0,,,
7/7/2021 21:30,0,,,
7/7/2021 21:15,0,,,
7/7/2021 21:00,0,,,
7/7/2021 20:45,0,,,
7/7/2021 20:30,0,,,
7/7/2021 20:15,0,,,
7/7/2021 20:00,0,,,
7/7/2021 19:45,0,,,
7/7/2021 19:30,0,,,
7/7/2021 19:15,0,,,
7/7/2021 19:00,0,,,
7/7/2021 18:45,0,,,
7/7/2021 18:30,0,,,
7/7/2021 18:15,0,,,
7/7/2021 18:00,0,,,
7/7/2021 17:45,0,,,
7/7/2021 17:30,0,,,
7/7/2021 17:15,0,,,
7/7/2021 17:00,0,,,
7/7/2021 16:45,0,,,
7/7/2021 16:30,0,,,
7/7/2021 16:15,0,,,
7/7/2021 16:00,0,,,
7/7/2021 15:45,0,,,
7/7/2021 15:30,0,,,
7/7/2021 15:15,0,,,
7/7/2021 15:00,0,,,
7/7/2021 14:45,0,,,
7/7/2021 14:30,0,,,
7/7/2021 14:15,0,,,
7/7/2021 14:00,0,,,
7/7/2021 13:45,0,,,
7/7/2021 13:30,0,,,
7/7/2021 13:15,0,,,
7/7/2021 13:00,0,,,
7/7/2021 12:45,0,,,
7/7/2021 12:30,0,,,
7/7/2021 12:15,0,,,
7/7/2021 12:00,0,,,
7/7/2021 11:45,0,,,
7/7/2021 11:30,0,,,
7/7/2021 11:15,0,,,
7/7/2021 11:00,0,,,
7/7/2021 10:45,0,,,
7/7/2021 10:30,0,,,
7/7/2021 10:15,0,,,
7/7/2021 10:00,0,,,
7/7/2021 9:45,0,,,
7/7/2021 9:30,0,,,
7/7/2021 9:15,0,,,
7/7/2021 9:00,0,,,
7/7/2021 8:45,0,,,
7/7/2021 8:30,0,,,
7/7/2021 8:15,0,,,
7/7/2021 8:00,0,,,
7/7/2021 7:45,0,,,
7/7/2021 7:30,0,,,
7/7/2021 7:15,0,,,
7/7/2021 7:00,0,,,
7/7/2021 6:45,0,,,
7/7/2021 6:30,0,,,
7/7/2021 6:15,0,,,
7/7/2021 6:00,0,,,
7/7/2021 5:45,0,,,
7/7/2021 5:30,0,,,
7/7/2021 5:15,0,,,
7/7/2021 5:00,0,,,
7/7/2021 4:45,0,,,
7/7/2021 4:30,0,,,
7/7/2021 4:15,0,,,
7/7/2021 4:00,0,,,
7/7/2021 3:45,0,,,
7/7/2021 3:30,0,,,
7/7/2021 3:15,0,,,
7/7/2021 3:00,0,,,
7/7/2021 2:45,0,,,
7/7/2021 2:30,0,,,
7/7/2021 2:15,0,,,
7/7/2021 2:00,0,,,
7/7/2021 1:45,0,,,
7/7/2021 1:30,0,,,
7/7/2021 1:15,0,,,
7/7/2021 1:00,0,,,
7/7/2021 0:45,0,,,
7/7/2021 0:30,0,,,
7/7/2021 0:15,0,,,
7/7/2021 0:00,0,,,
7/6/2021 23:45,0,,,
7/6/2021 23:30,0,,,
7/6/2021 23:15,0,,,
7/6/2021 23:00,0,,,
7/6/2021 22:45,0,,,
7/6/2021 22:30,0,,,
7/6/2021 22:15,0,,,
7/6/2021 22:00,0,,,
7/6/2021 21:45,0,,,
7/6/2021 21:30,0,,,
7/6/2021 21:15,0,,,
7/6/2021 21:00,0,,,
7/6/2021 20:45,0,,,
7/6/2021 20:30,0,,,
7/6/2021 20:15,0,,,
7/6/2021 20:00,0,,,
7/6/2021 19:45,0,,,
7/6/2021 19:30,0,,,
7/6/2021 19:15,0,,,
7/6/2021 19:00,0,,,
7/6/2021 18:45,0,,,
7/6/2021 18:30,0,,,
7/6/2021 18:15,0,,,
7/6/2021 18:00,0,,,
7/6/2021 17:45,0,,,
7/6/2021 17:30,0,,,
7/6/2021 17:15,0,,,
7/6/2021 17:00,0,,,
7/6/2021 16:45,0,,,
7/6/2021 16:30,0,,,
7/6/2021 16:15,0,,,
7/6/2021 16:00,0,,,
7/6/2021 15:45,0,,,
7/6/2021 15:30,0,,,
7/6/2021 15:15,0,,,
7/6/2021 15:00,0,,,
7/6/2021 14:45,0,,,
7/6/2021 14:30,0,,,
7/6/2021 14:15,0,,,
7/6/2021 14:00,0,,,
7/6/2021 13:45,0,,,
7/6/2021 13:30,0,,,
7/6/2021 13:15,0,,,
7/6/2021 13:00,0,,,
7/6/2021 12:45,0,,,
7/6/2021 12:30,0,,,
7/6/2021 12:15,0,,,
7/6/2021 12:00,0,,,
7/6/2021 11:45,0,,,
7/6/2021 11:30,0,,,
7/6/2021 11:15,0,,,
7/6/2021 11:00,0,,,
7/6/2021 10:45,0,,,
7/6/2021 10:30,0,,,
7/6/2021 10:15,0,,,
7/6/2021 10:00,0,,,
7/6/2021 9:45,0,,,
7/6/2021 9:30,0,,,
7/6/2021 9:15,0,,,
7/6/2021 9:00,0,,,
7/6/2021 8:45,0,,,
7/6/2021 8:30,0,,,
7/6/2021 8:15,0,,,
7/6/2021 8:00,0,,,
7/6/2021 7:45,0,,,
7/6/2021 7:30,0,,,
7/6/2021 7:15,0,,,
7/6/2021 7:00,0,,,
7/6/2021 6:45,0,,,
7/6/2021 6:30,0,,,
7/6/2021 6:15,0,,,
7/6/2021 6:00,0,,,
7/6/2021 5:45,0,,,
7/6/2021 5:30,0,,,
7/6/2021 5:15,0,,,
7/6/2021 5:00,0,,,
7/6/2021 4:45,0,,,
7/6/2021 4:30,0,,,
7/6/2021 4:15,0,,,
7/6/2021 4:00,0,,,
7/6/2021 3:45,0,,,
7/6/2021 3:30,0,,,
7/6/2021 3:15,0,,,
7/6/2021 3:00,0,,,
7/6/2021 2:45,0,,,
7/6/2021 2:30,0,,,
7/6/2021 2:15,0,,,
7/6/2021 2:00,0,,,
7/6/2021 1:45,0,,,
7/6/2021 1:30,0,,,
7/6/2021 1:15,0,,,
7/6/2021 1:00,0,,,
7/6/2021 0:45,0,,,
7/6/2021 0:30,0,,,
7/6/2021 0:15,0,,,
7/6/2021 0:00,0,,,
7/5/2021 23:45,0,,,
7/5/2021 23:30,0,,,
7/5/2021 23:15,0,,,
7/5/2021 23:00,0,,,
7/5/2021 22:45,0,,,
7/5/2021 22:30,0,,,
7/5/2021 22:15,0,,,
7/5/2021 22:00,0,,,
7/5/2021 21:45,0,,,
7/5/2021 21:30,0,,,
7/5/2021 21:15,0,,,
7/5/2021 21:00,0,,,
7/5/2021 20:45,0,,,
7/5/2021 20:30,0,,,
7/5/2021 20:15,0,,,
7/5/2021 20:00,0,,,
7/5/2021 19:45,0,,,
7/5/2021 19:30,0,,,
7/5/2021 19:15,0,,,
7/5/2021 19:00,0,,,
7/5/2021 18:45,0,,,
7/5/2021 18:30,0,,,
7/5/2021 18:15,0,,,
7/5/2021 18:00,0,,,
7/5/2021 17:45,0,,,
7/5/2021 17:30,0,,,
7/5/2021 17:15,0,,,
7/5/2021 17:00,0,,,
7/5/2021 16:45,0,,,
7/5/2021 16:30,0,,,
7/5/2021 16:15,0,,,
7/5/2021 16:00,0,,,
7/5/2021 15:45,0,,,
7/5/2021 15:30,0,,,
7/5/2021 15:15,0,,,
7/5/2021 15:00,0,,,
7/5/2021 14:45,0,,,
7/5/2021 14:30,0,,,
7/5/2021 14:15,0,,,
7/5/2021 14:00,0,,,
7/5/2021 13:45,0,,,
7/5/2021 13:30,0,,,
7/5/2021 13:15,0,,,
7/5/2021 13:00,0,,,
7/5/2021 12:45,0,,,
7/5/2021 12:30,0,,,
7/5/2021 12:15,0,,,
7/5/2021 12:00,0,,,
7/5/2021 11:45,0,,,
7/5/2021 11:30,0,,,
7/5/2021 11:15,0,,,
7/5/2021 11:00,0,,,
7/5/2021 10:45,0,,,
7/5/2021 10:30,0,,,
7/5/2021 10:15,0,,,
7/5/2021 10:00,0,,,
7/5/2021 9:45,0,,,
7/5/2021 9:30,0,,,
7/5/2021 9:15,0,,,
7/5/2021 9:00,0,,,
7/5/2021 8:45,0,,,
7/5/2021 8:30,0,,,
7/5/2021 8:15,0,,,
7/5/2021 8:00,0,,,
7/5/2021 7:45,0,,,
7/5/2021 7:30,0,,,
7/5/2021 7:15,0,,,
7/5/2021 7:00,0,,,
7/5/2021 6:45,0,,,
7/5/2021 6:30,0,,,
7/5/2021 6:15,0,,,
7/5/2021 6:00,0,,,
7/5/2021 5:45,0,,,
7/5/2021 5:30,0,,,
7/5/2021 5:15,0,,,
7/5/2021 5:00,0,,,
7/5/2021 4:45,0,,,
7/5/2021 4:30,0,,,
7/5/2021 4:15,0,,,
7/5/2021 4:00,0,,,
7/5/2021 3:45,0,,,
7/5/2021 3:30,0,,,
7/5/2021 3:15,0,,,
7/5/2021 3:00,0,,,
7/5/2021 2:45,0,,,
7/5/2021 2:30,0,,,
7/5/2021 2:15,0,,,
7/5/2021 2:00,0,,,
7/5/2021 1:45,0,,,
7/5/2021 1:30,0,,,
7/5/2021 1:15,0,,,
7/5/2021 1:00,0,,,
7/5/2021 0:45,0,,,
7/5/2021 0:30,0,,,
7/5/2021 0:15,0,,,
7/5/2021 0:00,0,,,
7/4/2021 23:45,0,,,
7/4/2021 23:30,0,,,
7/4/2021 23:15,0,,,
7/4/2021 23:00,0,,,
7/4/2021 22:45,0,,,
7/4/2021 22:30,0,,,
7/4/2021 22:15,0,,,
7/4/2021 22:00,0,,,
7/4/2021 21:45,0,,,
7/4/2021 21:30,0,,,
7/4/2021 21:15,0,,,
7/4/2021 21:00,0,,,
7/4/2021 20:45,0,,,
7/4/2021 20:30,0,,,
7/4/2021 20:15,0,,,
7/4/2021 20:00,0,,,
7/4/2021 19:45,0,,,
7/4/2021 19:30,0,,,
7/4/2021 19:15,0,,,
7/4/2021 19:00,0,,,
7/4/2021 18:45,0,,,
7/4/2021 18:30,0,,,
7/4/2021 18:15,0,,,
7/4/2021 18:00,0,,,
7/4/2021 17:45,0,,,
7/4/2021 17:30,0,,,
7/4/2021 17:15,0,,,
7/4/2021 17:00,0,,,
7/4/2021 16:45,0,,,
7/4/2021 16:30,0,,,
7/4/2021 16:15,0,,,
7/4/2021 16:00,0,,,
7/4/2021 15:45,0,,,
7/4/2021 15:30,0,,,
7/4/2021 15:15,0,,,
7/4/2021 15:00,0,,,
7/4/2021 14:45,0,,,
7/4/2021 14:30,0,,,
7/4/2021 14:15,0,,,
7/4/2021 14:00,0,,,
7/4/2021 13:45,0,,,
7/4/2021 13:30,0,,,
7/4/2021 13:15,0,,,
7/4/2021 13:00,0,,,
7/4/2021 12:45,0,,,
7/4/2021 12:30,0,,,
7/4/2021 12:15,0,,,
7/4/2021 12:00,0,,,
7/4/2021 11:45,0,,,
7/4/2021 11:30,0,,,
7/4/2021 11:15,0,,,
7/4/2021 11:00,0,,,
7/4/2021 10:45,0,,,
7/4/2021 10:30,0,,,
7/4/2021 10:15,0,,,
7/4/2021 10:00,0,,,
7/4/2021 9:45,0,,,
7/4/2021 9:30,0,,,
7/4/2021 9:15,0,,,
7/4/2021 9:00,0,,,
7/4/2021 8:45,0,,,
7/4/2021 8:30,0,,,
7/4/2021 8:15,0,,,
7/4/2021 8:00,0,,,
7/4/2021 7:45,0,,,
7/4/2021 7:30,0,,,
7/4/2021 7:15,0,,,
7/4/2021 7:00,0,,,
7/4/2021 6:45,0,,,
7/4/2021 6:30,0,,,
7/4/2021 6:15,0,,,
7/4/2021 6:00,0,,,
7/4/2021 5:45,0,,,
7/4/2021 5:30,0,,,
7/4/2021 5:15,0,,,
7/4/2021 5:00,0,,,
7/4/2021 4:45,0,,,
7/4/2021 4:30,0,,,
7/4/2021 4:15,0,,,
7/4/2021 4:00,0,,,
7/4/2021 3:45,0,,,
7/4/2021 3:30,0,,,
7/4/2021 3:15,0,,,
7/4/2021 3:00,0,,,
7/4/2021 2:45,0,,,
7/4/2021 2:30,0,,,
7/4/2021 2:15,0,,,
7/4/2021 2:00,0,,,
7/4/2021 1:45,0,,,
7/4/2021 1:30,0,,,
7/4/2021 1:15,0,,,
7/4/2021 1:00,0,,,
7/4/2021 0:45,0,,,
7/4/2021 0:30,0,,,
7/4/2021 0:15,0,,,
7/4/2021 0:00,0,,,
7/3/2021 23:45,0,,,
7/3/2021 23:30,0,,,
7/3/2021 23:15,0,,,
7/3/2021 23:00,0,,,
7/3/2021 22:45,0,,,
7/3/2021 22:30,0,,,
7/3/2021 22:15,0,,,
7/3/2021 22:00,0,,,
7/3/2021 21:45,0,,,
7/3/2021 21:30,0,,,
7/3/2021 21:15,0,,,
7/3/2021 21:00,0,,,
7/3/2021 20:45,0,,,
7/3/2021 20:30,0,,,
7/3/2021 20:15,0,,,
7/3/2021 20:00,0,,,
7/3/2021 19:45,0,,,
7/3/2021 19:30,0,,,
7/3/2021 19:15,0,,,
7/3/2021 19:00,0,,,
7/3/2021 18:45,0,,,
7/3/2021 18:30,0,,,
7/3/2021 18:15,0,,,
7/3/2021 18:00,0,,,
7/3/2021 17:45,0,,,
7/3/2021 17:30,0,,,
7/3/2021 17:15,0,,,
7/3/2021 17:00,0,,,
7/3/2021 16:45,0,,,
7/3/2021 16:30,0,,,
7/3/2021 16:15,0,,,
7/3/2021 16:00,0,,,
7/3/2021 15:45,0,,,
7/3/2021 15:30,0,,,
7/3/2021 15:15,0,,,
7/3/2021 15:00,0,,,
7/3/2021 14:45,0,,,
7/3/2021 14:30,0,,,
7/3/2021 14:15,0,,,
7/3/2021 14:00,0,,,
7/3/2021 13:45,0,,,
7/3/2021 13:30,0,,,
7/3/2021 13:15,0,,,
7/3/2021 13:00,0,,,
7/3/2021 12:45,0,,,
7/3/2021 12:30,0,,,
7/3/2021 12:15,0,,,
7/3/2021 12:00,0,,,
7/3/2021 11:45,0,,,
7/3/2021 11:30,0,,,
7/3/2021 11:15,0,,,
7/3/2021 11:00,0,,,
7/3/2021 10:45,0,,,
7/3/2021 10:30,0,,,
7/3/2021 10:15,0,,,
7/3/2021 10:00,0,,,
7/3/2021 9:45,0,,,
7/3/2021 9:30,0,,,
7/3/2021 9:15,0,,,
7/3/2021 9:00,0,,,
7/3/2021 8:45,0,,,
7/3/2021 8:30,0,,,
7/3/2021 8:15,0,,,
7/3/2021 8:00,0,,,
7/3/2021 7:45,0,,,
7/3/2021 7:30,0,,,
7/3/2021 7:15,0,,,
7/3/2021 7:00,0,,,
7/3/2021 6:45,0,,,
7/3/2021 6:30,0,,,
7/3/2021 6:15,0,,,
7/3/2021 6:00,0,,,
7/3/2021 5:45,0,,,
7/3/2021 5:30,0,,,
7/3/2021 5:15,0,,,
7/3/2021 5:00,0,,,
7/3/2021 4:45,0,,,
7/3/2021 4:30,0,,,
7/3/2021 4:15,0,,,
7/3/2021 4:00,0,,,
7/3/2021 3:45,0,,,
7/3/2021 3:30,0,,,
7/3/2021 3:15,0,,,
7/3/2021 3:00,0,,,
7/3/2021 2:45,0,,,
7/3/2021 2:30,0,,,
7/3/2021 2:15,0,,,
7/3/2021 2:00,0,,,
7/3/2021 1:45,0,,,
7/3/2021 1:30,0,,,
7/3/2021 1:15,0,,,
7/3/2021 1:00,0,,,
7/3/2021 0:45,0,,,
7/3/2021 0:30,0,,,
7/3/2021 0:15,0,,,
7/3/2021 0:00,0,,,
7/2/2021 23:45,0,,,
7/2/2021 23:30,0,,,
7/2/2021 23:15,0,,,
7/2/2021 23:00,0,,,
7/2/2021 22:45,0,,,
7/2/2021 22:30,0,,,
7/2/2021 22:15,0,,,
7/2/2021 22:00,0,,,
7/2/2021 21:45,0,,,
7/2/2021 21:30,0,,,
7/2/2021 21:15,0,,,
7/2/2021 21:00,0,,,
7/2/2021 20:45,0,,,
7/2/2021 20:30,0,,,
7/2/2021 20:15,0,,,
7/2/2021 20:00,0,,,
7/2/2021 19:45,0,,,
7/2/2021 19:30,0,,,
7/2/2021 19:15,0,,,
7/2/2021 19:00,0,,,
7/2/2021 18:45,0,,,
7/2/2021 18:30,0,,,
7/2/2021 18:15,0,,,
7/2/2021 18:00,0,,,
7/2/2021 17:45,0,,,
7/2/2021 17:30,0,,,
7/2/2021 17:15,0,,,
7/2/2021 17:00,0,,,
7/2/2021 16:45,0,,,
7/2/2021 16:30,0,,,
7/2/2021 16:15,0,,,
7/2/2021 16:00,0,,,
7/2/2021 15:45,0,,,
7/2/2021 15:30,0,,,
7/2/2021 15:15,0,,,
7/2/2021 15:00,0,,,
7/2/2021 14:45,0,,,
7/2/2021 14:30,0,,,
7/2/2021 14:15,0,,,
7/2/2021 14:00,0,,,
7/2/2021 13:45,0,,,
7/2/2021 13:30,0,,,
7/2/2021 13:15,0,,,
7/2/2021 13:00,0,,,
7/2/2021 12:45,0,,,
7/2/2021 12:30,0,,,
7/2/2021 12:15,0,,,
7/2/2021 12:00,0,,,
7/2/2021 11:45,0,,,
7/2/2021 11:30,0,,,
7/2/2021 11:15,0,,,
7/2/2021 11:00,0,,,
7/2/2021 10:45,0,,,
7/2/2021 10:30,0,,,
7/2/2021 10:15,0,,,
7/2/2021 10:00,0,,,
7/2/2021 9:45,0,,,
7/2/2021 9:30,0,,,
7/2/2021 9:15,0,,,
7/2/2021 9:00,0,,,
7/2/2021 8:45,0,,,
7/2/2021 8:30,0,,,
7/2/2021 8:15,0,,,
7/2/2021 8:00,0,,,
7/2/2021 7:45,0,,,
7/2/2021 7:30,0,,,
7/2/2021 7:15,0,,,
7/2/2021 7:00,0,,,
7/2/2021 6:45,0,,,
7/2/2021 6:30,0,,,
7/2/2021 6:15,0,,,
7/2/2021 6:00,0,,,
7/2/2021 5:45,0,,,
7/2/2021 5:30,0,,,
7/2/2021 5:15,0,,,
7/2/2021 5:00,0,,,
7/2/2021 4:45,0,,,
7/2/2021 4:30,0,,,
7/2/2021 4:15,0,,,
7/2/2021 4:00,0,,,
7/2/2021 3:45,0,,,
7/2/2021 3:30,0,,,
7/2/2021 3:15,0,,,
7/2/2021 3:00,0,,,
7/2/2021 2:45,0,,,
7/2/2021 2:30,0,,,
7/2/2021 2:15,0,,,
7/2/2021 2:00,0,,,
7/2/2021 1:45,0,,,
7/2/2021 1:30,0,,,
7/2/2021 1:15,0,,,
7/2/2021 1:00,0,,,
7/2/2021 0:45,0,,,
7/2/2021 0:30,0,,,
7/2/2021 0:15,0,,,
7/2/2021 0:00,0,,,
7/1/2021 23:45,0,,,
7/1/2021 23:30,0,,,
7/1/2021 23:15,0,,,
7/1/2021 23:00,0,,,
7/1/2021 22:45,0,,,
7/1/2021 22:30,0,,,
7/1/2021 22:15,0,,,
7/1/2021 22:00,0,,,
7/1/2021 21:45,0,,,
7/1/2021 21:30,0,,,
7/1/2021 21:15,0,,,
7/1/2021 21:00,0,,,
7/1/2021 20:45,0,,,
7/1/2021 20:30,0,,,
7/1/2021 20:15,0,,,
7/1/2021 20:00,0,,,
7/1/2021 19:45,0,,,
7/1/2021 19:30,0,,,
7/1/2021 19:15,0,,,
7/1/2021 19:00,0,,,
7/1/2021 18:45,0,,,
7/1/2021 18:30,0,,,
7/1/2021 18:15,0,,,
7/1/2021 18:00,0,,,
7/1/2021 17:45,0,,,
7/1/2021 17:30,0,,,
7/1/2021 17:15,0,,,
7/1/2021 17:00,0,,,
7/1/2021 16:45,0,,,
7/1/2021 16:30,0,,,
7/1/2021 16:15,0,,,
7/1/2021 16:00,0,,,
7/1/2021 15:45,0,,,
7/1/2021 15:30,0,,,
7/1/2021 15:15,0,,,
7/1/2021 15:00,0,,,
7/1/2021 14:45,0,,,
7/1/2021 14:30,0,,,
7/1/2021 14:15,0,,,
7/1/2021 14:00,0,,,
7/1/2021 13:45,0,,,
7/1/2021 13:30,0,,,
7/1/2021 13:15,0,,,
7/1/2021 13:00,0,,,
7/1/2021 12:45,0,,,
7/1/2021 12:30,0,,,
7/1/2021 12:15,0,,,
7/1/2021 12:00,0,,,
7/1/2021 11:45,0,,,
7/1/2021 11:30,0,,,
7/1/2021 11:15,0,,,
7/1/2021 11:00,0,,,
7/1/2021 10:45,0,,,
7/1/2021 10:30,0,,,
7/1/2021 10:15,0,,,
7/1/2021 10:00,0,,,
7/1/2021 9:45,0,,,
7/1/2021 9:30,0,,,
7/1/2021 9:15,0,,,
7/1/2021 9:00,0,,,
7/1/2021 8:45,0,,,
7/1/2021 8:30,0,,,
7/1/2021 8:15,0,,,
7/1/2021 8:00,0,,,
7/1/2021 7:45,0,,,
7/1/2021 7:30,0,,,
7/1/2021 7:15,0,,,
7/1/2021 7:00,0,,,
7/1/2021 6:45,0,,,
7/1/2021 6:30,0,,,
7/1/2021 6:15,0,,,
7/1/2021 6:00,0,,,
7/1/2021 5:45,0,,,
7/1/2021 5:30,0,,,
7/1/2021 5:15,0,,,
7/1/2021 5:00,0,,,
7/1/2021 4:45,0,,,
7/1/2021 4:30,0,,,
7/1/2021 4:15,0,,,
7/1/2021 4:00,0,,,
7/1/2021 3:45,0,,,
7/1/2021 3:30,0,,,
7/1/2021 3:15,0,,,
7/1/2021 3:00,0,,,
7/1/2021 2:45,0,,,
7/1/2021 2:30,0,,,
7/1/2021 2:15,0,,,
7/1/2021 2:00,0,,,
7/1/2021 1:45,0,,,
7/1/2021 1:30,0,,,
7/1/2021 1:15,0,,,
7/1/2021 1:00,0,,,
7/1/2021 0:45,0,,,
7/1/2021 0:30,0,,,
7/1/2021 0:15,0,,,
7/1/2021 0:00,0,,,
6/30/2021 23:45,0,,,
6/30/2021 23:30,0,,,
6/30/2021 23:15,0,,,
6/30/2021 23:00,0,,,
6/30/2021 22:45,0,,,
6/30/2021 22:30,0,,,
6/30/2021 22:15,0,,,
6/30/2021 22:00,0,,,
6/30/2021 21:45,0,,,
6/30/2021 21:30,0,,,
6/30/2021 21:15,0,,,
6/30/2021 21:00,0,,,
6/30/2021 20:45,0,,,
6/30/2021 20:30,0,,,
6/30/2021 20:15,0,,,
6/30/2021 20:00,0,,,
6/30/2021 19:45,0,,,
6/30/2021 19:30,0,,,
6/30/2021 19:15,0,,,
6/30/2021 19:00,0,,,
6/30/2021 18:45,0,,,
6/30/2021 18:30,0,,,
6/30/2021 18:15,0,,,
6/30/2021 18:00,0,,,
6/30/2021 17:45,0,,,
6/30/2021 17:30,0,,,
6/30/2021 17:15,0,,,
6/30/2021 17:00,0,,,
6/30/2021 16:45,0,,,
6/30/2021 16:30,0,,,
6/30/2021 16:15,0,,,
6/30/2021 16:00,0,,,
6/30/2021 15:45,0,,,
6/30/2021 15:30,0,,,
6/30/2021 15:15,0,,,
6/30/2021 15:00,0,,,
6/30/2021 14:45,0,,,
6/30/2021 14:30,0,,,
6/30/2021 14:15,0,,,
6/30/2021 14:00,0,,,
6/30/2021 13:45,0,,,
6/30/2021 13:30,0,,,
6/30/2021 13:15,0,,,
6/30/2021 13:00,0,,,
6/30/2021 12:45,0,,,
6/30/2021 12:30,0,,,
6/30/2021 12:15,0,,,
6/30/2021 12:00,0,,,
6/30/2021 11:45,0,,,
6/30/2021 11:30,0,,,
6/30/2021 11:15,0,,,
6/30/2021 11:00,0,,,
6/30/2021 10:45,0,,,
6/30/2021 10:30,0,,,
6/30/2021 10:15,0,,,
6/30/2021 10:00,0,,,
6/30/2021 9:45,0,,,
6/30/2021 9:30,0,,,
6/30/2021 9:15,0,,,
6/30/2021 9:00,0,,,
6/30/2021 8:45,0,,,
6/30/2021 8:30,0,,,
6/30/2021 8:15,0,,,
6/30/2021 8:00,0,,,
6/30/2021 7:45,0,,,
6/30/2021 7:30,0,,,
6/30/2021 7:15,0,,,
6/30/2021 7:00,0,,,
6/30/2021 6:45,0,,,
6/30/2021 6:30,0,,,
6/30/2021 6:15,0,,,
6/30/2021 6:00,0,,,
6/30/2021 5:45,0,,,
6/30/2021 5:30,0,,,
6/30/2021 5:15,0,,,
6/30/2021 5:00,0,,,
6/30/2021 4:45,0,,,
6/30/2021 4:30,0,,,
6/30/2021 4:15,0,,,
6/30/2021 4:00,0,,,
6/30/2021 3:45,0,,,
6/30/2021 3:30,0,,,
6/30/2021 3:15,0,,,
6/30/2021 3:00,0,,,
6/30/2021 2:45,0,,,
6/30/2021 2:30,0,,,
6/30/2021 2:15,0,,,
6/30/2021 2:00,0,,,
6/30/2021 1:45,0,,,
6/30/2021 1:30,0,,,
6/30/2021 1:15,0,,,
6/30/2021 1:00,0,,,
6/30/2021 0:45,0,,,
6/30/2021 0:30,0,,,
6/30/2021 0:15,0,,,
6/30/2021 0:00,0,,,
6/29/2021 23:45,0,,,
6/29/2021 23:30,0,,,
6/29/2021 23:15,0,,,
6/29/2021 23:00,0,,,
6/29/2021 22:45,0,,,
6/29/2021 22:30,0,,,
6/29/2021 22:15,0,,,
6/29/2021 22:00,0,,,
6/29/2021 21:45,0,,,
6/29/2021 21:30,0,,,
6/29/2021 21:15,0,,,
6/29/2021 21:00,0,,,
6/29/2021 20:45,0,,,
6/29/2021 20:30,0,,,
6/29/2021 20:15,0,,,
6/29/2021 20:00,0,,,
6/29/2021 19:45,0,,,
6/29/2021 19:30,0,,,
6/29/2021 19:15,0,,,
6/29/2021 19:00,0,,,
6/29/2021 18:45,0,,,
6/29/2021 18:30,0,,,
6/29/2021 18:15,0,,,
6/29/2021 18:00,0,,,
6/29/2021 17:45,0,,,
6/29/2021 17:30,0,,,
6/29/2021 17:15,0,,,
6/29/2021 17:00,0,,,
6/29/2021 16:45,0,,,
6/29/2021 16:30,0,,,
6/29/2021 16:15,0,,,
6/29/2021 16:00,0,,,
6/29/2021 15:45,0,,,
6/29/2021 15:30,0,,,
6/29/2021 15:15,0,,,
6/29/2021 15:00,0,,,
6/29/2021 14:45,0,,,
6/29/2021 14:30,0,,,
6/29/2021 14:15,0,,,
6/29/2021 14:00,0,,,
6/29/2021 13:45,0,,,
6/29/2021 13:30,0,,,
6/29/2021 13:15,0,,,
6/29/2021 13:00,0,,,
6/29/2021 12:45,0,,,
6/29/2021 12:30,0,,,
6/29/2021 12:15,0,,,
6/29/2021 12:00,0,,,
6/29/2021 11:45,0,,,
6/29/2021 11:30,0,,,
6/29/2021 11:15,0,,,
6/29/2021 11:00,0,,,
6/29/2021 10:45,0,,,
6/29/2021 10:30,0,,,
6/29/2021 10:15,0,,,
6/29/2021 10:00,0,,,
6/29/2021 9:45,0,,,
6/29/2021 9:30,0,,,
6/29/2021 9:15,0,,,
6/29/2021 9:00,0,,,
6/29/2021 8:45,0,,,
6/29/2021 8:30,0,,,
6/29/2021 8:15,0,,,
6/29/2021 8:00,0,,,
6/29/2021 7:45,0,,,
6/29/2021 7:30,0,,,
6/29/2021 7:15,0,,,
6/29/2021 7:00,0,,,
6/29/2021 6:45,0,,,
6/29/2021 6:30,0,,,
6/29/2021 6:15,0,,,
6/29/2021 6:00,0,,,
6/29/2021 5:45,0,,,
6/29/2021 5:30,0,,,
6/29/2021 5:15,0,,,
6/29/2021 5:00,0,,,
6/29/2021 4:45,0,,,
6/29/2021 4:30,0,,,
6/29/2021 4:15,0,,,
6/29/2021 4:00,0,,,
6/29/2021 3:45,0,,,
6/29/2021 3:30,0,,,
6/29/2021 3:15,0,,,
6/29/2021 3:00,0,,,
6/29/2021 2:45,0,,,
6/29/2021 2:30,0,,,
6/29/2021 2:15,0,,,
6/29/2021 2:00,0,,,
6/29/2021 1:45,0,,,
6/29/2021 1:30,0,,,
6/29/2021 1:15,0,,,
6/29/2021 1:00,0,,,
6/29/2021 0:45,0,,,
6/29/2021 0:30,0,,,
6/29/2021 0:15,0,,,
6/29/2021 0:00,0,,,
6/28/2021 23:45,0,,,
6/28/2021 23:30,0,,,
6/28/2021 23:15,0,,,
6/28/2021 23:00,0,,,
6/28/2021 22:45,0,,,
6/28/2021 22:30,0,,,
6/28/2021 22:15,0,,,
6/28/2021 22:00,0,,,
6/28/2021 21:45,0,,,
6/28/2021 21:30,0,,,
6/28/2021 21:15,0,,,
6/28/2021 21:00,0,,,
6/28/2021 20:45,0,,,
6/28/2021 20:30,0,,,
6/28/2021 20:15,0,,,
6/28/2021 20:00,0,,,
6/28/2021 19:45,0,,,
6/28/2021 19:30,0,,,
6/28/2021 19:15,0,,,
6/28/2021 19:00,0,,,
6/28/2021 18:45,0,,,
6/28/2021 18:30,0,,,
6/28/2021 18:15,0,,,
6/28/2021 18:00,0,,,
6/28/2021 17:45,0,,,
6/28/2021 17:30,0,,,
6/28/2021 17:15,0,,,
6/28/2021 17:00,0,,,
6/28/2021 16:45,0,,,
6/28/2021 16:30,0,,,
6/28/2021 16:15,0,,,
6/28/2021 16:00,0,,,
6/28/2021 15:45,0,,,
6/28/2021 15:30,0,,,
6/28/2021 15:15,0,,,
6/28/2021 15:00,0,,,
6/28/2021 14:45,0,,,
6/28/2021 14:30,0,,,
6/28/2021 14:15,0,,,
6/28/2021 14:00,0,,,
6/28/2021 13:45,0,,,
6/28/2021 13:30,0,,,
6/28/2021 13:15,0,,,
6/28/2021 13:00,0,,,
6/28/2021 12:45,0,,,
6/28/2021 12:30,0,,,
6/28/2021 12:15,0,,,
6/28/2021 12:00,0,,,
6/28/2021 11:45,0,,,
6/28/2021 11:30,0,,,
6/28/2021 11:15,0,,,
6/28/2021 11:00,0,,,
6/28/2021 10:45,0,,,
6/28/2021 10:30,0,,,
6/28/2021 10:15,0,,,
6/28/2021 10:00,0,,,
6/28/2021 9:45,0,,,
6/28/2021 9:30,0,,,
6/28/2021 9:15,0,,,
6/28/2021 9:00,0,,,
6/28/2021 8:45,0,,,
6/28/2021 8:30,0,,,
6/28/2021 8:15,0,,,
6/28/2021 8:00,0,,,
6/28/2021 7:45,0,,,
6/28/2021 7:30,0,,,
6/28/2021 7:15,0,,,
6/28/2021 7:00,0,,,
6/28/2021 6:45,0,,,
6/28/2021 6:30,0,,,
6/28/2021 6:15,0,,,
6/28/2021 6:00,0,,,
6/28/2021 5:45,0,,,
6/28/2021 5:30,0,,,
6/28/2021 5:15,0,,,
6/28/2021 5:00,0,,,
6/28/2021 4:45,0,,,
6/28/2021 4:30,0,,,
6/28/2021 4:15,0,,,
6/28/2021 4:00,0,,,
6/28/2021 3:45,0,,,
6/28/2021 3:30,0,,,
6/28/2021 3:15,0,,,
6/28/2021 3:00,0,,,
6/28/2021 2:45,0,,,
6/28/2021 2:30,0,,,
6/28/2021 2:15,0,,,
6/28/2021 2:00,0,,,
6/28/2021 1:45,0,,,
6/28/2021 1:30,0,,,
6/28/2021 1:15,0,,,
6/28/2021 1:00,0,,,
6/28/2021 0:45,0,,,
6/28/2021 0:30,0,,,
6/28/2021 0:15,0,,,
6/28/2021 0:00,0,,,
6/27/2021 23:45,0,,,
6/27/2021 23:30,0,,,
6/27/2021 23:15,0,,,
6/27/2021 23:00,0,,,
6/27/2021 22:45,0,,,
6/27/2021 22:30,0,,,
6/27/2021 22:15,0,,,
6/27/2021 22:00,0,,,
6/27/2021 21:45,0,,,
6/27/2021 21:30,0,,,
6/27/2021 21:15,0,,,
6/27/2021 21:00,0,,,
6/27/2021 20:45,0,,,
6/27/2021 20:30,0,,,
6/27/2021 20:15,0,,,
6/27/2021 20:00,0,,,
6/27/2021 19:45,0,,,
6/27/2021 19:30,0,,,
6/27/2021 19:15,0,,,
6/27/2021 19:00,0,,,
6/27/2021 18:45,0,,,
6/27/2021 18:30,0,,,
6/27/2021 18:15,0,,,
6/27/2021 18:00,0,,,
6/27/2021 17:45,0,,,
6/27/2021 17:30,0,,,
6/27/2021 17:15,0,,,
6/27/2021 17:00,0,,,
6/27/2021 16:45,0,,,
6/27/2021 16:30,0,,,
6/27/2021 16:15,0,,,
6/27/2021 16:00,0,,,
6/27/2021 15:45,0,,,
6/27/2021 15:30,0,,,
6/27/2021 15:15,0,,,
6/27/2021 15:00,0,,,
6/27/2021 14:45,0,,,
6/27/2021 14:30,0,,,
6/27/2021 14:15,0,,,
6/27/2021 14:00,0,,,
6/27/2021 13:45,0,,,
6/27/2021 13:30,0,,,
6/27/2021 13:15,0,,,
6/27/2021 13:00,0,,,
6/27/2021 12:45,0,,,
6/27/2021 12:30,0,,,
6/27/2021 12:15,0,,,
6/27/2021 12:00,0,,,
6/27/2021 11:45,0,,,
6/27/2021 11:30,0,,,
6/27/2021 11:15,0,,,
6/27/2021 11:00,0,,,
6/27/2021 10:45,0,,,
6/27/2021 10:30,0,,,
6/27/2021 10:15,0,,,
6/27/2021 10:00,0,,,
6/27/2021 9:45,0,,,
6/27/2021 9:30,0,,,
6/27/2021 9:15,0,,,
6/27/2021 9:00,0,,,
6/27/2021 8:45,0,,,
6/27/2021 8:30,0,,,
6/27/2021 8:15,0,,,
6/27/2021 8:00,0,,,
6/27/2021 7:45,0,,,
6/27/2021 7:30,0,,,
6/27/2021 7:15,0,,,
6/27/2021 7:00,0,,,
6/27/2021 6:45,0,,,
6/27/2021 6:30,0,,,
6/27/2021 6:15,0,,,
6/27/2021 6:00,0,,,
6/27/2021 5:45,0,,,
6/27/2021 5:30,0,,,
6/27/2021 5:15,0,,,
6/27/2021 5:00,0,,,
6/27/2021 4:45,0,,,
6/27/2021 4:30,0,,,
6/27/2021 4:15,0,,,
6/27/2021 4:00,0,,,
6/27/2021 3:45,0,,,
6/27/2021 3:30,0,,,
6/27/2021 3:15,0,,,
6/27/2021 3:00,0,,,
6/27/2021 2:45,0,,,
6/27/2021 2:30,0,,,
6/27/2021 2:15,0,,,
6/27/2021 2:00,0,,,
6/27/2021 1:45,0,,,
6/27/2021 1:30,0,,,
6/27/2021 1:15,0,,,
6/27/2021 1:00,0,,,
6/27/2021 0:45,0,,,
6/27/2021 0:30,0,,,
6/27/2021 0:15,0,,,
6/27/2021 0:00,0,,,
6/26/2021 23:45,0,,,
6/26/2021 23:30,0,,,
6/26/2021 23:15,0,,,
6/26/2021 23:00,0,,,
6/26/2021 22:45,0,,,
6/26/2021 22:30,0,,,
6/26/2021 22:15,0,,,
6/26/2021 22:00,0,,,
6/26/2021 21:45,0,,,
6/26/2021 21:30,0,,,
6/26/2021 21:15,0,,,
6/26/2021 21:00,0,,,
6/26/2021 20:45,0,,,
6/26/2021 20:30,0,,,
6/26/2021 20:15,0,,,
6/26/2021 20:00,0,,,
6/26/2021 19:45,0,,,
6/26/2021 19:30,0,,,
6/26/2021 19:15,0,,,
6/26/2021 19:00,0,,,
6/26/2021 18:45,0,,,
6/26/2021 18:30,0,,,
6/26/2021 18:15,0,,,
6/26/2021 18:00,0,,,
6/26/2021 17:45,0,,,
6/26/2021 17:30,0,,,
6/26/2021 17:15,0,,,
6/26/2021 17:00,0,,,
6/26/2021 16:45,0,,,
6/26/2021 16:30,0,,,
6/26/2021 16:15,0,,,
6/26/2021 16:00,0,,,
6/26/2021 15:45,0,,,
6/26/2021 15:30,0,,,
6/26/2021 15:15,0,,,
6/26/2021 15:00,0,,,
6/26/2021 14:45,0,,,
6/26/2021 14:30,0,,,
6/26/2021 14:15,0,,,
6/26/2021 14:00,0,,,
6/26/2021 13:45,0,,,
6/26/2021 13:30,0,,,
6/26/2021 13:15,0,,,
6/26/2021 13:00,0,,,
6/26/2021 12:45,0,,,
6/26/2021 12:30,0,,,
6/26/2021 12:15,0,,,
6/26/2021 12:00,0,,,
6/26/2021 11:45,0,,,
6/26/2021 11:30,0,,,
6/26/2021 11:15,0,,,
6/26/2021 11:00,0,,,
6/26/2021 10:45,0,,,
6/26/2021 10:30,0,,,
6/26/2021 10:15,0,,,
6/26/2021 10:00,0,,,
6/26/2021 9:45,0,,,
6/26/2021 9:30,0,,,
6/26/2021 9:15,0,,,
6/26/2021 9:00,0,,,
6/26/2021 8:45,0,,,
6/26/2021 8:30,0,,,
6/26/2021 8:15,0,,,
6/26/2021 8:00,0,,,
6/26/2021 7:45,0,,,
6/26/2021 7:30,0,,,
6/26/2021 7:15,0,,,
6/26/2021 7:00,0,,,
6/26/2021 6:45,0,,,
6/26/2021 6:30,0,,,
6/26/2021 6:15,0,,,
6/26/2021 6:00,0,,,
6/26/2021 5:45,0,,,
6/26/2021 5:30,0,,,
6/26/2021 5:15,0,,,
6/26/2021 5:00,0,,,
6/26/2021 4:45,0,,,
6/26/2021 4:30,0,,,
6/26/2021 4:15,0,,,
6/26/2021 4:00,0,,,
6/26/2021 3:45,0,,,
6/26/2021 3:30,0,,,
6/26/2021 3:15,0,,,
6/26/2021 3:00,0,,,
6/26/2021 2:45,0,,,
6/26/2021 2:30,0,,,
6/26/2021 2:15,0,,,
6/26/2021 2:00,0,,,
6/26/2021 1:45,0,,,
6/26/2021 1:30,0,,,
6/26/2021 1:15,0,,,
6/26/2021 1:00,0,,,
6/26/2021 0:45,0,,,
6/26/2021 0:30,0,,,
6/26/2021 0:15,0,,,
6/26/2021 0:00,0,,,
6/25/2021 23:45,0,,,
6/25/2021 23:30,0,,,
6/25/2021 23:15,0,,,
6/25/2021 23:00,0,,,
6/25/2021 22:45,0,,,
6/25/2021 22:30,0,,,
6/25/2021 22:15,0,,,
6/25/2021 22:00,0,,,
6/25/2021 21:45,0,,,
6/25/2021 21:30,0,,,
6/25/2021 21:15,0,,,
6/25/2021 21:00,0,,,
6/25/2021 20:45,0,,,
6/25/2021 20:30,0,,,
6/25/2021 20:15,0,,,
6/25/2021 20:00,0,,,
6/25/2021 19:45,0,,,
6/25/2021 19:30,0,,,
6/25/2021 19:15,0,,,
6/25/2021 19:00,0,,,
6/25/2021 18:45,0,,,
6/25/2021 18:30,0,,,
6/25/2021 18:15,0,,,
6/25/2021 18:00,0,,,
6/25/2021 17:45,0,,,
6/25/2021 17:30,0,,,
6/25/2021 17:15,0,,,
6/25/2021 17:00,0,,,
6/25/2021 16:45,0,,,
6/25/2021 16:30,0,,,
6/25/2021 16:15,0,,,
6/25/2021 16:00,0,,,
6/25/2021 15:45,0,,,
6/25/2021 15:30,0,,,
6/25/2021 15:15,0,,,
6/25/2021 15:00,0,,,
6/25/2021 14:45,0,,,
6/25/2021 14:30,0,,,
6/25/2021 14:15,0,,,
6/25/2021 14:00,0,,,
6/25/2021 13:45,0,,,
6/25/2021 13:30,0,,,
6/25/2021 13:15,0,,,
6/25/2021 13:00,0,,,
6/25/2021 12:45,0,,,
6/25/2021 12:30,0,,,
6/25/2021 12:15,0,,,
6/25/2021 12:00,0,,,
6/25/2021 11:45,0,,,
6/25/2021 11:30,0,,,
6/25/2021 11:15,0,,,
6/25/2021 11:00,0,,,
6/25/2021 10:45,0,,,
6/25/2021 10:30,0,,,
6/25/2021 10:15,0,,,
6/25/2021 10:00,0,,,
6/25/2021 9:45,0,,,
6/25/2021 9:30,0,,,
6/25/2021 9:15,0,,,
6/25/2021 9:00,0,,,
6/25/2021 8:45,0,,,
6/25/2021 8:30,0,,,
6/25/2021 8:15,0,,,
6/25/2021 8:00,0,,,
6/25/2021 7:45,0,,,
6/25/2021 7:30,0,,,
6/25/2021 7:15,0,,,
6/25/2021 7:00,0,,,
6/25/2021 6:45,0,,,
6/25/2021 6:30,0,,,
6/25/2021 6:15,0,,,
6/25/2021 6:00,0,,,
6/25/2021 5:45,0,,,
6/25/2021 5:30,0,,,
6/25/2021 5:15,0,,,
6/25/2021 5:00,0,,,
6/25/2021 4:45,0,,,
6/25/2021 4:30,0,,,
6/25/2021 4:15,0,,,
6/25/2021 4:00,0,,,
6/25/2021 3:45,0,,,
6/25/2021 3:30,0,,,
6/25/2021 3:15,0,,,
6/25/2021 3:00,0,,,
6/25/2021 2:45,0,,,
6/25/2021 2:30,0,,,
6/25/2021 2:15,0,,,
6/25/2021 2:00,0,,,
6/25/2021 1:45,0,,,
6/25/2021 1:30,0,,,
6/25/2021 1:15,0,,,
6/25/2021 1:00,0,,,
6/25/2021 0:45,0,,,
6/25/2021 0:30,0,,,
6/25/2021 0:15,0,,,
6/25/2021 0:00,0,,,
6/24/2021 23:45,0,,,
6/24/2021 23:30,0,,,
6/24/2021 23:15,0,,,
6/24/2021 23:00,0,,,
6/24/2021 22:45,0,,,
6/24/2021 22:30,0,,,
6/24/2021 22:15,0,,,
6/24/2021 22:00,0,,,
6/24/2021 21:45,0,,,
6/24/2021 21:30,0,,,
6/24/2021 21:15,0,,,
6/24/2021 21:00,0,,,
6/24/2021 20:45,0,,,
6/24/2021 20:30,0,,,
6/24/2021 20:15,0,,,
6/24/2021 20:00,0,,,
6/24/2021 19:45,0,,,
6/24/2021 19:30,0,,,
6/24/2021 19:15,0,,,
6/24/2021 19:00,0,,,
6/24/2021 18:45,0,,,
6/24/2021 18:30,0,,,
6/24/2021 18:15,0,,,
6/24/2021 18:00,0,,,
6/24/2021 17:45,0,,,
6/24/2021 17:30,0,,,
6/24/2021 17:15,0,,,
6/24/2021 17:00,0,,,
6/24/2021 16:45,0,,,
6/24/2021 16:30,0,,,
6/24/2021 16:15,0,,,
6/24/2021 16:00,0,,,
6/24/2021 15:45,0,,,
6/24/2021 15:30,0,,,
6/24/2021 15:15,0,,,
6/24/2021 15:00,0,,,
6/24/2021 14:45,0,,,
6/24/2021 14:30,0,,,
6/24/2021 14:15,0,,,
6/24/2021 14:00,0,,,
6/24/2021 13:45,0,,,
6/24/2021 13:30,0,,,
6/24/2021 13:15,0,,,
6/24/2021 13:00,0,,,
6/24/2021 12:45,0,,,
6/24/2021 12:30,0,,,
6/24/2021 12:15,0,,,
6/24/2021 12:00,0,,,
6/24/2021 11:45,0,,,
6/24/2021 11:30,0,,,
6/24/2021 11:15,0,,,
6/24/2021 11:00,0,,,
6/24/2021 10:45,0,,,
6/24/2021 10:30,0,,,
6/24/2021 10:15,0,,,
6/24/2021 10:00,0,,,
6/24/2021 9:45,0,,,
6/24/2021 9:30,0,,,
6/24/2021 9:15,0,,,
6/24/2021 9:00,0,,,
6/24/2021 8:45,0,,,
6/24/2021 8:30,0,,,
6/24/2021 8:15,0,,,
6/24/2021 8:00,0,,,
6/24/2021 7:45,0,,,
6/24/2021 7:30,0,,,
6/24/2021 7:15,0,,,
6/24/2021 7:00,0,,,
6/24/2021 6:45,0,,,
6/24/2021 6:30,0,,,
6/24/2021 6:15,0,,,
6/24/2021 6:00,0,,,
6/24/2021 5:45,0,,,
6/24/2021 5:30,0,,,
6/24/2021 5:15,0,,,
6/24/2021 5:00,0,,,
6/24/2021 4:45,0,,,
6/24/2021 4:30,0,,,
6/24/2021 4:15,0,,,
6/24/2021 4:00,0,,,
6/24/2021 3:45,0,,,
6/24/2021 3:30,0,,,
6/24/2021 3:15,0,,,
6/24/2021 3:00,0,,,
6/24/2021 2:45,0,,,
6/24/2021 2:30,0,,,
6/24/2021 2:15,0,,,
6/24/2021 2:00,0,,,
6/24/2021 1:45,0,,,
6/24/2021 1:30,0,,,
6/24/2021 1:15,0,,,
6/24/2021 1:00,0,,,
6/24/2021 0:45,0,,,
6/24/2021 0:30,0,,,
6/24/2021 0:15,0,,,
6/24/2021 0:00,0,,,
6/23/2021 23:45,0,,,
6/23/2021 23:30,0,,,
6/23/2021 23:15,0,,,
6/23/2021 23:00,0,,,
6/23/2021 22:45,0,,,
6/23/2021 22:30,0,,,
6/23/2021 22:15,0,,,
6/23/2021 22:00,0,,,
6/23/2021 21:45,0,,,
6/23/2021 21:30,0,,,
6/23/2021 21:15,0,,,
6/23/2021 21:00,0,,,
6/23/2021 20:45,0,,,
6/23/2021 20:30,0,,,
6/23/2021 20:15,0,,,
6/23/2021 20:00,0,,,
6/23/2021 19:45,0,,,
6/23/2021 19:30,0,,,
6/23/2021 19:15,0,,,
6/23/2021 19:00,0,,,
6/23/2021 18:45,0,,,
6/23/2021 18:30,0,,,
6/23/2021 18:15,0,,,
6/23/2021 18:00,0,,,
6/23/2021 17:45,0,,,
6/23/2021 17:30,0,,,
6/23/2021 17:15,0,,,
6/23/2021 17:00,0,,,
6/23/2021 16:45,0,,,
6/23/2021 16:30,0,,,
6/23/2021 16:15,0,,,
6/23/2021 16:00,0,,,
6/23/2021 15:45,0,,,
6/23/2021 15:30,0,,,
6/23/2021 15:15,0,,,
6/23/2021 15:00,0,,,
6/23/2021 14:45,0,,,
6/23/2021 14:30,0,,,
6/23/2021 14:15,0,,,
6/23/2021 14:00,0,,,
6/23/2021 13:45,0,,,
6/23/2021 13:30,0,,,
6/23/2021 13:15,0,,,
6/23/2021 13:00,0,,,
6/23/2021 12:45,0,,,
6/23/2021 12:30,0,,,
6/23/2021 12:15,0,,,
6/23/2021 12:00,0,,,
6/23/2021 11:45,0,,,
6/23/2021 11:30,0,,,
6/23/2021 11:15,0,,,
6/23/2021 11:00,0,,,
6/23/2021 10:45,0,,,
6/23/2021 10:30,0,,,
6/23/2021 10:15,0,,,
6/23/2021 10:00,0,,,
6/23/2021 9:45,0,,,
6/23/2021 9:30,0,,,
6/23/2021 9:15,0,,,
6/23/2021 9:00,0,,,
6/23/2021 8:45,0,,,
6/23/2021 8:30,0,,,
6/23/2021 8:15,0,,,
6/23/2021 8:00,0,,,
6/23/2021 7:45,0,,,
6/23/2021 7:30,0,,,
6/23/2021 7:15,0,,,
6/23/2021 7:00,0,,,
6/23/2021 6:45,0,,,
6/23/2021 6:30,0,,,
6/23/2021 6:15,0,,,
6/23/2021 6:00,0,,,
6/23/2021 5:45,0,,,
6/23/2021 5:30,0,,,
6/23/2021 5:15,0,,,
6/23/2021 5:00,0,,,
6/23/2021 4:45,0,,,
6/23/2021 4:30,0,,,
6/23/2021 4:15,0,,,
6/23/2021 4:00,0,,,
6/23/2021 3:45,0,,,
6/23/2021 3:30,0,,,
6/23/2021 3:15,0,,,
6/23/2021 3:00,0,,,
6/23/2021 2:45,0,,,
6/23/2021 2:30,0,,,
6/23/2021 2:15,0,,,
6/23/2021 2:00,0,,,
6/23/2021 1:45,0,,,
6/23/2021 1:30,0,,,
6/23/2021 1:15,0,,,
6/23/2021 1:00,0,,,
6/23/2021 0:45,0,,,
6/23/2021 0:30,0,,,
6/23/2021 0:15,0,,,
6/23/2021 0:00,0,,,
6/22/2021 23:45,0,,,
6/22/2021 23:30,0,,,
6/22/2021 23:15,0,,,
6/22/2021 23:00,0,,,
6/22/2021 22:45,0,,,
6/22/2021 22:30,0,,,
6/22/2021 22:15,0,,,
6/22/2021 22:00,0,,,
6/22/2021 21:45,0,,,
6/22/2021 21:30,0,,,
6/22/2021 21:15,0,,,
6/22/2021 21:00,0,,,
6/22/2021 20:45,0,,,
6/22/2021 20:30,0,,,
6/22/2021 20:15,0,,,
6/22/2021 20:00,0,,,
6/22/2021 19:45,0,,,
6/22/2021 19:30,0,,,
6/22/2021 19:15,0,,,
6/22/2021 19:00,0,,,
6/22/2021 18:45,0,,,
6/22/2021 18:30,0,,,
6/22/2021 18:15,0,,,
6/22/2021 18:00,0,,,
6/22/2021 17:45,0,,,
6/22/2021 17:30,0,,,
6/22/2021 17:15,0,,,
6/22/2021 17:00,0,,,
6/22/2021 16:45,0,,,
6/22/2021 16:30,0,,,
6/22/2021 16:15,0,,,
6/22/2021 16:00,0,,,
6/22/2021 15:45,0,,,
6/22/2021 15:30,0,,,
6/22/2021 15:15,0,,,
6/22/2021 15:00,0,,,
6/22/2021 14:45,0,,,
6/22/2021 14:30,0,,,
6/22/2021 14:15,0,,,
6/22/2021 14:00,0,,,
6/22/2021 13:45,0,,,
6/22/2021 13:30,0,,,
6/22/2021 13:15,0,,,
6/22/2021 13:00,0,,,
6/22/2021 12:45,0,,,
6/22/2021 12:30,0,,,
6/22/2021 12:15,0,,,
6/22/2021 12:00,0,,,
6/22/2021 11:45,0,,,
6/22/2021 11:30,0,,,
6/22/2021 11:15,0,,,
6/22/2021 11:00,0,,,
6/22/2021 10:45,0,,,
6/22/2021 10:30,0,,,
6/22/2021 10:15,0,,,
6/22/2021 10:00,0,,,
6/22/2021 9:45,0,,,
6/22/2021 9:30,0,,,
6/22/2021 9:15,0,,,
6/22/2021 9:00,0,,,
6/22/2021 8:45,0,,,
6/22/2021 8:30,0,,,
6/22/2021 8:15,0,,,
6/22/2021 8:00,0,,,
6/22/2021 7:45,0,,,
6/22/2021 7:30,0,,,
6/22/2021 7:15,0,,,
6/22/2021 7:00,0,,,
6/22/2021 6:45,0,,,
6/22/2021 6:30,0,,,
6/22/2021 6:15,0,,,
6/22/2021 6:00,0,,,
6/22/2021 5:45,0,,,
6/22/2021 5:30,0,,,
6/22/2021 5:15,0,,,
6/22/2021 5:00,0,,,
6/22/2021 4:45,0,,,
6/22/2021 4:30,0,,,
6/22/2021 4:15,0,,,
6/22/2021 4:00,0,,,
6/22/2021 3:45,0,,,
6/22/2021 3:30,0,,,
6/22/2021 3:15,0,,,
6/22/2021 3:00,0,,,
6/22/2021 2:45,0,,,
6/22/2021 2:30,0,,,
6/22/2021 2:15,0,,,
6/22/2021 2:00,0,,,
6/22/2021 1:45,0,,,
6/22/2021 1:30,0,,,
6/22/2021 1:15,0,,,
6/22/2021 1:00,0,,,
6/22/2021 0:45,0,,,
6/22/2021 0:30,0,,,
6/22/2021 0:15,0,,,
6/22/2021 0:00,0,,,
6/21/2021 23:45,0,,,
6/21/2021 23:30,0,,,
6/21/2021 23:15,0,,,
6/21/2021 23:00,0,,,
6/21/2021 22:45,0,,,
6/21/2021 22:30,0,,,
6/21/2021 22:15,0,,,
6/21/2021 22:00,0,,,
6/21/2021 21:45,0,,,
6/21/2021 21:30,0,,,
6/21/2021 21:15,0,,,
6/21/2021 21:00,0,,,
6/21/2021 20:45,0,,,
6/21/2021 20:30,0,,,
6/21/2021 20:15,0,,,
6/21/2021 20:00,0,,,
6/21/2021 19:45,0,,,
6/21/2021 19:30,0,,,
6/21/2021 19:15,0,,,
6/21/2021 19:00,0,,,
6/21/2021 18:45,0,,,
6/21/2021 18:30,0,,,
6/21/2021 18:15,0,,,
6/21/2021 18:00,0,,,
6/21/2021 17:45,0,,,
6/21/2021 17:30,0,,,
6/21/2021 17:15,0,,,
6/21/2021 17:00,0,,,
6/21/2021 16:45,0,,,
6/21/2021 16:30,0,,,
6/21/2021 16:15,0,,,
6/21/2021 16:00,0,,,
6/21/2021 15:45,0,,,
6/21/2021 15:30,0,,,
6/21/2021 15:15,0,,,
6/21/2021 15:00,0,,,
6/21/2021 14:45,0,,,
6/21/2021 14:30,0,,,
6/21/2021 14:15,0,,,
6/21/2021 14:00,0,,,
6/21/2021 13:45,0,,,
6/21/2021 13:30,0,,,
6/21/2021 13:15,0,,,
6/21/2021 13:00,0,,,
6/21/2021 12:45,0,,,
6/21/2021 12:30,0,,,
6/21/2021 12:15,0,,,
6/21/2021 12:00,0,,,
6/21/2021 11:45,0,,,
6/21/2021 11:30,0,,,
6/21/2021 11:15,0,,,
6/21/2021 11:00,0,,,
6/21/2021 10:45,0,,,
6/21/2021 10:30,0,,,
6/21/2021 10:15,0,,,
6/21/2021 10:00,0,,,
6/21/2021 9:45,0,,,
6/21/2021 9:30,0,,,
6/21/2021 9:15,0,,,
6/21/2021 9:00,0,,,
6/21/2021 8:45,0,,,
6/21/2021 8:30,0,,,
6/21/2021 8:15,0,,,
6/21/2021 8:00,0,,,
6/21/2021 7:45,0,,,
6/21/2021 7:30,0,,,
6/21/2021 7:15,0,,,
6/21/2021 7:00,0,,,
6/21/2021 6:45,0,,,
6/21/2021 6:30,0,,,
6/21/2021 6:15,0,,,
6/21/2021 6:00,0,,,
6/21/2021 5:45,0,,,
6/21/2021 5:30,0,,,
6/21/2021 5:15,0,,,
6/21/2021 5:00,0,,,
6/21/2021 4:45,0,,,
6/21/2021 4:30,0,,,
6/21/2021 4:15,0,,,
6/21/2021 4:00,0,,,
6/21/2021 3:45,0,,,
6/21/2021 3:30,0,,,
6/21/2021 3:15,0,,,
6/21/2021 3:00,0,,,
6/21/2021 2:45,0,,,
6/21/2021 2:30,0,,,
6/21/2021 2:15,0,,,
6/21/2021 2:00,0,,,
6/21/2021 1:45,0,,,
6/21/2021 1:30,0,,,
6/21/2021 1:15,0,,,
6/21/2021 1:00,0,,,
6/21/2021 0:45,0,,,
6/21/2021 0:30,0,,,
6/21/2021 0:15,0,,,
6/21/2021 0:00,0,,,
6/20/2021 23:45,0,,,
6/20/2021 23:30,0,,,
6/20/2021 23:15,0,,,
6/20/2021 23:00,0,,,
6/20/2021 22:45,0,,,
6/20/2021 22:30,0,,,
6/20/2021 22:15,0,,,
6/20/2021 22:00,0,,,
6/20/2021 21:45,0,,,
6/20/2021 21:30,0,,,
6/20/2021 21:15,0,,,
6/20/2021 21:00,0,,,
6/20/2021 20:45,0,,,
6/20/2021 20:30,0,,,
6/20/2021 20:15,0,,,
6/20/2021 20:00,0,,,
6/20/2021 19:45,0,,,
6/20/2021 19:30,0,,,
6/20/2021 19:15,0,,,
6/20/2021 19:00,0,,,
6/20/2021 18:45,0,,,
6/20/2021 18:30,0,,,
6/20/2021 18:15,0,,,
6/20/2021 18:00,0,,,
6/20/2021 17:45,0,,,
6/20/2021 17:30,0,,,
6/20/2021 17:15,0,,,
6/20/2021 17:00,0,,,
6/20/2021 16:45,0,,,
6/20/2021 16:30,0,,,
6/20/2021 16:15,0,,,
6/20/2021 16:00,0,,,
6/20/2021 15:45,0,,,
6/20/2021 15:30,0,,,
6/20/2021 15:15,0,,,
6/20/2021 15:00,0,,,
6/20/2021 14:45,0,,,
6/20/2021 14:30,0,,,
6/20/2021 14:15,0,,,
6/20/2021 14:00,0,,,
6/20/2021 13:45,0,,,
6/20/2021 13:30,0,,,
6/20/2021 13:15,0,,,
6/20/2021 13:00,0,,,
6/20/2021 12:45,0,,,
6/20/2021 12:30,0,,,
6/20/2021 12:15,0,,,
6/20/2021 12:00,0,,,
6/20/2021 11:45,0,,,
6/20/2021 11:30,0,,,
6/20/2021 11:15,0,,,
6/20/2021 11:00,0,,,
6/20/2021 10:45,0,,,
6/20/2021 10:30,0,,,
6/20/2021 10:15,0,,,
6/20/2021 10:00,0,,,
6/20/2021 9:45,0,,,
6/20/2021 9:30,0,,,
6/20/2021 9:15,0,,,
6/20/2021 9:00,0,,,
6/20/2021 8:45,0,,,
6/20/2021 8:30,0,,,
6/20/2021 8:15,0,,,
6/20/2021 8:00,0,,,
6/20/2021 7:45,0,,,
6/20/2021 7:30,0,,,
6/20/2021 7:15,0,,,
6/20/2021 7:00,0,,,
6/20/2021 6:45,0,,,
6/20/2021 6:30,0,,,
6/20/2021 6:15,0,,,
6/20/2021 6:00,0,,,
6/20/2021 5:45,0,,,
6/20/2021 5:30,0,,,
6/20/2021 5:15,0,,,
6/20/2021 5:00,0,,,
6/20/2021 4:45,0,,,
6/20/2021 4:30,0,,,
6/20/2021 4:15,0,,,
6/20/2021 4:00,0,,,
6/20/2021 3:45,0,,,
6/20/2021 3:30,0,,,
6/20/2021 3:15,0,,,
6/20/2021 3:00,0,,,
6/20/2021 2:45,0,,,
6/20/2021 2:30,0,,,
6/20/2021 2:15,0,,,
6/20/2021 2:00,0,,,
6/20/2021 1:45,0,,,
6/20/2021 1:30,0,,,
6/20/2021 1:15,0,,,
6/20/2021 1:00,0,,,
6/20/2021 0:45,0,,,
6/20/2021 0:30,0,,,
6/20/2021 0:15,0,,,
6/20/2021 0:00,0,,,
6/19/2021 23:45,0,,,
6/19/2021 23:30,0,,,
6/19/2021 23:15,0,,,
6/19/2021 23:00,0,,,
6/19/2021 22:45,0,,,
6/19/2021 22:30,0,,,
6/19/2021 22:15,0,,,
6/19/2021 22:00,0,,,
6/19/2021 21:45,0,,,
6/19/2021 21:30,0,,,
6/19/2021 21:15,0,,,
6/19/2021 21:00,0,,,
6/19/2021 20:45,0,,,
6/19/2021 20:30,0,,,
6/19/2021 20:15,0,,,
6/19/2021 20:00,0,,,
6/19/2021 19:45,0,,,
6/19/2021 19:30,0,,,
6/19/2021 19:15,0,,,
6/19/2021 19:00,0,,,
6/19/2021 18:45,0,,,
6/19/2021 18:30,0,,,
6/19/2021 18:15,0,,,
6/19/2021 18:00,0,,,
6/19/2021 17:45,0,,,
6/19/2021 17:30,0,,,
6/19/2021 17:15,0,,,
6/19/2021 17:00,0,,,
6/19/2021 16:45,0,,,
6/19/2021 16:30,0,,,
6/19/2021 16:15,0,,,
6/19/2021 16:00,0,,,
6/19/2021 15:45,0,,,
6/19/2021 15:30,0,,,
6/19/2021 15:15,0,,,
6/19/2021 15:00,0,,,
6/19/2021 14:45,0,,,
6/19/2021 14:30,0,,,
6/19/2021 14:15,0,,,
6/19/2021 14:00,0,,,
6/19/2021 13:45,0,,,
6/19/2021 13:30,0,,,
6/19/2021 13:15,0,,,
6/19/2021 13:00,0,,,
6/19/2021 12:45,0,,,
6/19/2021 12:30,0,,,
6/19/2021 12:15,0,,,
6/19/2021 12:00,0,,,
6/19/2021 11:45,0,,,
6/19/2021 11:30,0,,,
6/19/2021 11:15,0,,,
6/19/2021 11:00,0,,,
6/19/2021 10:45,0,,,
6/19/2021 10:30,0,,,
6/19/2021 10:15,0,,,
6/19/2021 10:00,0,,,
6/19/2021 9:45,0,,,
6/19/2021 9:30,0,,,
6/19/2021 9:15,0,,,
6/19/2021 9:00,0,,,
6/19/2021 8:45,0,,,
6/19/2021 8:30,0,,,
6/19/2021 8:15,0,,,
6/19/2021 8:00,0,,,
6/19/2021 7:45,0,,,
6/19/2021 7:30,0,,,
6/19/2021 7:15,0,,,
6/19/2021 7:00,0,,,
6/19/2021 6:45,0,,,
6/19/2021 6:30,0,,,
6/19/2021 6:15,0,,,
6/19/2021 6:00,0,,,
6/19/2021 5:45,0,,,
6/19/2021 5:30,0,,,
6/19/2021 5:15,0,,,
6/19/2021 5:00,0,,,
6/19/2021 4:45,0,,,
6/19/2021 4:30,0,,,
6/19/2021 4:15,0,,,
6/19/2021 4:00,0,,,
6/19/2021 3:45,0,,,
6/19/2021 3:30,0,,,
6/19/2021 3:15,0,,,
6/19/2021 3:00,0,,,
6/19/2021 2:45,0,,,
6/19/2021 2:30,0,,,
6/19/2021 2:15,0,,,
6/19/2021 2:00,0,,,
6/19/2021 1:45,0,,,
6/19/2021 1:30,0,,,
6/19/2021 1:15,0,,,
6/19/2021 1:00,0,,,
6/19/2021 0:45,0,,,
6/19/2021 0:30,0,,,
6/19/2021 0:15,0,,,
6/19/2021 0:00,0,,,
6/18/2021 23:45,0,,,
6/18/2021 23:30,0,,,
6/18/2021 23:15,0,,,
6/18/2021 23:00,0,,,
6/18/2021 22:45,0,,,
6/18/2021 22:30,0,,,
6/18/2021 22:15,0,,,
6/18/2021 22:00,0,,,
6/18/2021 21:45,0,,,
6/18/2021 21:30,0,,,
6/18/2021 21:15,0,,,
6/18/2021 21:00,0,,,
6/18/2021 20:45,0,,,
6/18/2021 20:30,0,,,
6/18/2021 20:15,0,,,
6/18/2021 20:00,0,,,
6/18/2021 19:45,0,,,
6/18/2021 19:30,0,,,
6/18/2021 19:15,0,,,
6/18/2021 19:00,0,,,
6/18/2021 18:45,0,,,
6/18/2021 18:30,0,,,
6/18/2021 18:15,0,,,
6/18/2021 18:00,0,,,
6/18/2021 17:45,0,,,
6/18/2021 17:30,0,,,
6/18/2021 17:15,0,,,
6/18/2021 17:00,0,,,
6/18/2021 16:45,0,,,
6/18/2021 16:30,0,,,
6/18/2021 16:15,0,,,
6/18/2021 16:00,0,,,
6/18/2021 15:45,0,,,
6/18/2021 15:30,0,,,
6/18/2021 15:15,0,,,
6/18/2021 15:00,0,,,
6/18/2021 14:45,0,,,
6/18/2021 14:30,0,,,
6/18/2021 14:15,0,,,
6/18/2021 14:00,0,,,
6/18/2021 13:45,0,,,
6/18/2021 13:30,0,,,
6/18/2021 13:15,0,,,
6/18/2021 13:00,0,,,
6/18/2021 12:45,0,,,
6/18/2021 12:30,0,,,
6/18/2021 12:15,0,,,
6/18/2021 12:00,0,,,
6/18/2021 11:45,0,,,
6/18/2021 11:30,0,,,
6/18/2021 11:15,0,,,
6/18/2021 11:00,0,,,
6/18/2021 10:45,0,,,
6/18/2021 10:30,0,,,
6/18/2021 10:15,0,,,
6/18/2021 10:00,0,,,
6/18/2021 9:45,0,,,
6/18/2021 9:30,0,,,
6/18/2021 9:15,0,,,
6/18/2021 9:00,0,,,
6/18/2021 8:45,0,,,
6/18/2021 8:30,0,,,
6/18/2021 8:15,0,,,
6/18/2021 8:00,0,,,
6/18/2021 7:45,0,,,
6/18/2021 7:30,0,,,
6/18/2021 7:15,0,,,
6/18/2021 7:00,0,,,
6/18/2021 6:45,0,,,
6/18/2021 6:30,0,,,
6/18/2021 6:15,0,,,
6/18/2021 6:00,0,,,
6/18/2021 5:45,0,,,
6/18/2021 5:30,0,,,
6/18/2021 5:15,0,,,
6/18/2021 5:00,0,,,
6/18/2021 4:45,0,,,
6/18/2021 4:30,0,,,
6/18/2021 4:15,0,,,
6/18/2021 4:00,0,,,
6/18/2021 3:45,0,,,
6/18/2021 3:30,0,,,
6/18/2021 3:15,0,,,
6/18/2021 3:00,0,,,
6/18/2021 2:45,0,,,
6/18/2021 2:30,0,,,
6/18/2021 2:15,0,,,
6/18/2021 2:00,0,,,
6/18/2021 1:45,0,,,
6/18/2021 1:30,0,,,
6/18/2021 1:15,0,,,
6/18/2021 1:00,0,,,
6/18/2021 0:45,0,,,
6/18/2021 0:30,0,,,
6/18/2021 0:15,0,,,
6/18/2021 0:00,0,,,
6/17/2021 23:45,0,,,
6/17/2021 23:30,0,,,
6/17/2021 23:15,0,,,
6/17/2021 23:00,0,,,
6/17/2021 22:45,0,,,
6/17/2021 22:30,0,,,
6/17/2021 22:15,0,,,
6/17/2021 22:00,0,,,
6/17/2021 21:45,0,,,
6/17/2021 21:30,0,,,
6/17/2021 21:15,0,,,
6/17/2021 21:00,0,,,
6/17/2021 20:45,0,,,
6/17/2021 20:30,0,,,
6/17/2021 20:15,0,,,
6/17/2021 20:00,0,,,
6/17/2021 19:45,0,,,
6/17/2021 19:30,0,,,
6/17/2021 19:15,0,,,
6/17/2021 19:00,0,,,
6/17/2021 18:45,0,,,
6/17/2021 18:30,0,,,
6/17/2021 18:15,0,,,
6/17/2021 18:00,0,,,
6/17/2021 17:45,0,,,
6/17/2021 17:30,0,,,
6/17/2021 17:15,0,,,
6/17/2021 17:00,0,,,
6/17/2021 16:45,0,,,
6/17/2021 16:30,0,,,
6/17/2021 16:15,0,,,
6/17/2021 16:00,0,,,
6/17/2021 15:45,0,,,
6/17/2021 15:30,0,,,
6/17/2021 15:15,0,,,
6/17/2021 15:00,0,,,
6/17/2021 14:45,0,,,
6/17/2021 14:30,0,,,
6/17/2021 14:15,0,,,
6/17/2021 14:00,0,,,
6/17/2021 13:45,0,,,
6/17/2021 13:30,0,,,
6/17/2021 13:15,0,,,
6/17/2021 13:00,0,,,
6/17/2021 12:45,0,,,
6/17/2021 12:30,0,,,
6/17/2021 12:15,0,,,
6/17/2021 12:00,0,,,
6/17/2021 11:45,0,,,
6/17/2021 11:30,0,,,
6/17/2021 11:15,0,,,
6/17/2021 11:00,0,,,
6/17/2021 10:45,0,,,
6/17/2021 10:30,0,,,
6/17/2021 10:15,0,,,
6/17/2021 10:00,0,,,
6/17/2021 9:45,0,,,
6/17/2021 9:30,0,,,
6/17/2021 9:15,0,,,
6/17/2021 9:00,0,,,
6/17/2021 8:45,0,,,
6/17/2021 8:30,0,,,
6/17/2021 8:15,0,,,
6/17/2021 8:00,0,,,
6/17/2021 7:45,0,,,
6/17/2021 7:30,0,,,
6/17/2021 7:15,0,,,
6/17/2021 7:00,0,,,
6/17/2021 6:45,0,,,
6/17/2021 6:30,0,,,
6/17/2021 6:15,0,,,
6/17/2021 6:00,0,,,
6/17/2021 5:45,0,,,
6/17/2021 5:30,0,,,
6/17/2021 5:15,0,,,
6/17/2021 5:00,0,,,
6/17/2021 4:45,0,,,
6/17/2021 4:30,0,,,
6/17/2021 4:15,0,,,
6/17/2021 4:00,0,,,
6/17/2021 3:45,0,,,
6/17/2021 3:30,0,,,
6/17/2021 3:15,0,,,
6/17/2021 3:00,0,,,
6/17/2021 2:45,0,,,
6/17/2021 2:30,0,,,
6/17/2021 2:15,0,,,
6/17/2021 2:00,0,,,
6/17/2021 1:45,0,,,
6/17/2021 1:30,0,,,
6/17/2021 1:15,0,,,
6/17/2021 1:00,0,,,
6/17/2021 0:45,0,,,
6/17/2021 0:30,0,,,
6/17/2021 0:15,0,,,
6/17/2021 0:00,0,,,
6/16/2021 23:45,0,,,
6/16/2021 23:30,0,,,
6/16/2021 23:15,0,,,
6/16/2021 23:00,0,,,
6/16/2021 22:45,0,,,
6/16/2021 22:30,0,,,
6/16/2021 22:15,0,,,
6/16/2021 22:00,0,,,
6/16/2021 21:45,0,,,
6/16/2021 21:30,0,,,
6/16/2021 21:15,0,,,
6/16/2021 21:00,0,,,
6/16/2021 20:45,0,,,
6/16/2021 20:30,0,,,
6/16/2021 20:15,0,,,
6/16/2021 20:00,0,,,
6/16/2021 19:45,0,,,
6/16/2021 19:30,0,,,
6/16/2021 19:15,0,,,
6/16/2021 19:00,0,,,
6/16/2021 18:45,0,,,
6/16/2021 18:30,0,,,
6/16/2021 18:15,0,,,
6/16/2021 18:00,0,,,
6/16/2021 17:45,0,,,
6/16/2021 17:30,0,,,
6/16/2021 17:15,0,,,
6/16/2021 17:00,0,,,
6/16/2021 16:45,0,,,
6/16/2021 16:30,0,,,
6/16/2021 16:15,0,,,
6/16/2021 16:00,0,,,
6/16/2021 15:45,0,,,
6/16/2021 15:30,0,,,
6/16/2021 15:15,0,,,
6/16/2021 15:00,0,,,
6/16/2021 14:45,0,,,
6/16/2021 14:30,0,,,
6/16/2021 14:15,0,,,
6/16/2021 14:00,0,,,
6/16/2021 13:45,0,,,
6/16/2021 13:30,0,,,
6/16/2021 13:15,0,,,
6/16/2021 13:00,0,,,
6/16/2021 12:45,0,,,
6/16/2021 12:30,0,,,
6/16/2021 12:15,0,,,
6/16/2021 12:00,0,,,
6/16/2021 11:45,0,,,
6/16/2021 11:30,0,,,
6/16/2021 11:15,0,,,
6/16/2021 11:00,0,,,
6/16/2021 10:45,0,,,
6/16/2021 10:30,0,,,
6/16/2021 10:15,0,,,
6/16/2021 10:00,0,,,
6/16/2021 9:45,0,,,
6/16/2021 9:30,0,,,
6/16/2021 9:15,0,,,
6/16/2021 9:00,0,,,
6/16/2021 8:45,0,,,
6/16/2021 8:30,0,,,
6/16/2021 8:15,0,,,
6/16/2021 8:00,0,,,
6/16/2021 7:45,0,,,
6/16/2021 7:30,0,,,
6/16/2021 7:15,0,,,
6/16/2021 7:00,0,,,
6/16/2021 6:45,0,,,
6/16/2021 6:30,0,,,
6/16/2021 6:15,0,,,
6/16/2021 6:00,0,,,
6/16/2021 5:45,0,,,
6/16/2021 5:30,0,,,
6/16/2021 5:15,0,,,
6/16/2021 5:00,0,,,
6/16/2021 4:45,0,,,
6/16/2021 4:30,0,,,
6/16/2021 4:15,0,,,
6/16/2021 4:00,0,,,
6/16/2021 3:45,0,,,
6/16/2021 3:30,0,,,
6/16/2021 3:15,0,,,
6/16/2021 3:00,0,,,
6/16/2021 2:45,0,,,
6/16/2021 2:30,0,,,
6/16/2021 2:15,0,,,
6/16/2021 2:00,0,,,
6/16/2021 1:45,0,,,
6/16/2021 1:30,0,,,
6/16/2021 1:15,0,,,
6/16/2021 1:00,0,,,
6/16/2021 0:45,0,,,
6/16/2021 0:30,0,,,
6/16/2021 0:15,0,,,
6/16/2021 0:00,0,,,
6/15/2021 23:45,0,,,
6/15/2021 23:30,0,,,
6/15/2021 23:15,0,,,
6/15/2021 23:00,0,,,
6/15/2021 22:45,0,,,
6/15/2021 22:30,0,,,
6/15/2021 22:15,0,,,
6/15/2021 22:00,0,,,
6/15/2021 21:45,0,,,
6/15/2021 21:30,0,,,
6/15/2021 21:15,0,,,
6/15/2021 21:00,0,,,
6/15/2021 20:45,0,,,
6/15/2021 20:30,0,,,
6/15/2021 20:15,0,,,
6/15/2021 20:00,0,,,
6/15/2021 19:45,0,,,
6/15/2021 19:30,0,,,
6/15/2021 19:15,0,,,
6/15/2021 19:00,0,,,
6/15/2021 18:45,0,,,
6/15/2021 18:30,0,,,
6/15/2021 18:15,0,,,
6/15/2021 18:00,0,,,
6/15/2021 17:45,0,,,
6/15/2021 17:30,0,,,
6/15/2021 17:15,0,,,
6/15/2021 17:00,0,,,
6/15/2021 16:45,0,,,
6/15/2021 16:30,0,,,
6/15/2021 16:15,0,,,
6/15/2021 16:00,0,,,
6/15/2021 15:45,0,,,
6/15/2021 15:30,0,,,
6/15/2021 15:15,0,,,
6/15/2021 15:00,0,,,
6/15/2021 14:45,0,,,
6/15/2021 14:30,0,,,
6/15/2021 14:15,0,,,
6/15/2021 14:00,0,,,
6/15/2021 13:45,0,,,
6/15/2021 13:30,0,,,
6/15/2021 13:15,0,,,
6/15/2021 13:00,0,,,
6/15/2021 12:45,0,,,
6/15/2021 12:30,0,,,
6/15/2021 12:15,0,,,
6/15/2021 12:00,0,,,
6/15/2021 11:45,0,,,
6/15/2021 11:30,0,,,
6/15/2021 11:15,0,,,
6/15/2021 11:00,0,,,
6/15/2021 10:45,0,,,
6/15/2021 10:30,0,,,
6/15/2021 10:15,0,,,
6/15/2021 10:00,0,,,
6/15/2021 9:45,0,,,
6/15/2021 9:30,0,,,
6/15/2021 9:15,0,,,
6/15/2021 9:00,0,,,
6/15/2021 8:45,0,,,
6/15/2021 8:30,0,,,
6/15/2021 8:15,0,,,
6/15/2021 8:00,0,,,
6/15/2021 7:45,0,,,
6/15/2021 7:30,0,,,
6/15/2021 7:15,0,,,
6/15/2021 7:00,0,,,
6/15/2021 6:45,0,,,
6/15/2021 6:30,0,,,
6/15/2021 6:15,0,,,
6/15/2021 6:00,0,,,
6/15/2021 5:45,0,,,
6/15/2021 5:30,0,,,
6/15/2021 5:15,0,,,
6/15/2021 5:00,0,,,
6/15/2021 4:45,0,,,
6/15/2021 4:30,0,,,
6/15/2021 4:15,0,,,
6/15/2021 4:00,0,,,
6/15/2021 3:45,0,,,
6/15/2021 3:30,0,,,
6/15/2021 3:15,0,,,
6/15/2021 3:00,0,,,
6/15/2021 2:45,0,,,
6/15/2021 2:30,0,,,
6/15/2021 2:15,0,,,
6/15/2021 2:00,0,,,
6/15/2021 1:45,0,,,
6/15/2021 1:30,0,,,
6/15/2021 1:15,0,,,
6/15/2021 1:00,0,,,
6/15/2021 0:45,0,,,
6/15/2021 0:30,0,,,
6/15/2021 0:15,0,,,
6/15/2021 0:00,0,,,
6/14/2021 23:45,0,,,
6/14/2021 23:30,0,,,
6/14/2021 23:15,0,,,
6/14/2021 23:00,0,,,
6/14/2021 22:45,0,,,
6/14/2021 22:30,0,,,
6/14/2021 22:15,0,,,
6/14/2021 22:00,0,,,
6/14/2021 21:45,0,,,
6/14/2021 21:30,0,,,
6/14/2021 21:15,0,,,
6/14/2021 21:00,0,,,
6/14/2021 20:45,0,,,
6/14/2021 20:30,0,,,
6/14/2021 20:15,0,,,
6/14/2021 20:00,0,,,
6/14/2021 19:45,0,,,
6/14/2021 19:30,0,,,
6/14/2021 19:15,0,,,
6/14/2021 19:00,0,,,
6/14/2021 18:45,0,,,
6/14/2021 18:30,0,,,
6/14/2021 18:15,0,,,
6/14/2021 18:00,0,,,
6/14/2021 17:45,0,,,
6/14/2021 17:30,0,,,
6/14/2021 17:15,0,,,
6/14/2021 17:00,0,,,
6/14/2021 16:45,0,,,
6/14/2021 16:30,0,,,
6/14/2021 16:15,0,,,
6/14/2021 16:00,0,,,
6/14/2021 15:45,0,,,
6/14/2021 15:30,0,,,
6/14/2021 15:15,0,,,
6/14/2021 15:00,0,,,
6/14/2021 14:45,0,,,
6/14/2021 14:30,0,,,
6/14/2021 14:15,0,,,
6/14/2021 14:00,0,,,
6/14/2021 13:45,0,,,
6/14/2021 13:30,0,,,
6/14/2021 13:15,0,,,
6/14/2021 13:00,0,,,
6/14/2021 12:45,0,,,
6/14/2021 12:30,0,,,
6/14/2021 12:15,0,,,
6/14/2021 12:00,0,,,
6/14/2021 11:45,0,,,
6/14/2021 11:30,0,,,
6/14/2021 11:15,0,,,
6/14/2021 11:00,0,,,
6/14/2021 10:45,0,,,
6/14/2021 10:30,0,,,
6/14/2021 10:15,0,,,
6/14/2021 10:00,0,,,
6/14/2021 9:45,0,,,
6/14/2021 9:30,0,,,
6/14/2021 9:15,0,,,
6/14/2021 9:00,0,,,
6/14/2021 8:45,0,,,
6/14/2021 8:30,0,,,
6/14/2021 8:15,0,,,
6/14/2021 8:00,0,,,
6/14/2021 7:45,0,,,
6/14/2021 7:30,0,,,
6/14/2021 7:15,0,,,
6/14/2021 7:00,0,,,
6/14/2021 6:45,0,,,
6/14/2021 6:30,0,,,
6/14/2021 6:15,0,,,
6/14/2021 6:00,0,,,
6/14/2021 5:45,0,,,
6/14/2021 5:30,0,,,
6/14/2021 5:15,0,,,
6/14/2021 5:00,0,,,
6/14/2021 4:45,0,,,
6/14/2021 4:30,0,,,
6/14/2021 4:15,0,,,
6/14/2021 4:00,0,,,
6/14/2021 3:45,0,,,
6/14/2021 3:30,0,,,
6/14/2021 3:15,0,,,
6/14/2021 3:00,0,,,
6/14/2021 2:45,0,,,
6/14/2021 2:30,0,,,
6/14/2021 2:15,0,,,
6/14/2021 2:00,0,,,
6/14/2021 1:45,0,,,
6/14/2021 1:30,0,,,
6/14/2021 1:15,0,,,
6/14/2021 1:00,0,,,
6/14/2021 0:45,0,,,
6/14/2021 0:30,0,,,
6/14/2021 0:15,0,,,
6/14/2021 0:00,0,,,
6/13/2021 23:45,0,,,
6/13/2021 23:30,0,,,
6/13/2021 23:15,0,,,
6/13/2021 23:00,0,,,
6/13/2021 22:45,0,,,
6/13/2021 22:30,0,,,
6/13/2021 22:15,0,,,
6/13/2021 22:00,0,,,
6/13/2021 21:45,0,,,
6/13/2021 21:30,0,,,
6/13/2021 21:15,0,,,
6/13/2021 21:00,0,,,
6/13/2021 20:45,0,,,
6/13/2021 20:30,0,,,
6/13/2021 20:15,0,,,
6/13/2021 20:00,0,,,
6/13/2021 19:45,0,,,
6/13/2021 19:30,0,,,
6/13/2021 19:15,0,,,
6/13/2021 19:00,0,,,
6/13/2021 18:45,0,,,
6/13/2021 18:30,0,,,
6/13/2021 18:15,0,,,
6/13/2021 18:00,0,,,
6/13/2021 17:45,0,,,
6/13/2021 17:30,0,,,
6/13/2021 17:15,0,,,
6/13/2021 17:00,0,,,
6/13/2021 16:45,0,,,
6/13/2021 16:30,0,,,
6/13/2021 16:15,0,,,
6/13/2021 16:00,0,,,
6/13/2021 15:45,0,,,
6/13/2021 15:30,0,,,
6/13/2021 15:15,0,,,
6/13/2021 15:00,0,,,
6/13/2021 14:45,0,,,
6/13/2021 14:30,0,,,
6/13/2021 14:15,0,,,
6/13/2021 14:00,0,,,
6/13/2021 13:45,0,,,
6/13/2021 13:30,0,,,
6/13/2021 13:15,0,,,
6/13/2021 13:00,0,,,
6/13/2021 12:45,0,,,
6/13/2021 12:30,0,,,
6/13/2021 12:15,0,,,
6/13/2021 12:00,0,,,
6/13/2021 11:45,0,,,
6/13/2021 11:30,0,,,
6/13/2021 11:15,0,,,
6/13/2021 11:00,0,,,
6/13/2021 10:45,0,,,
6/13/2021 10:30,0,,,
6/13/2021 10:15,0,,,
6/13/2021 10:00,0,,,
6/13/2021 9:45,0,,,
6/13/2021 9:30,0,,,
6/13/2021 9:15,0,,,
6/13/2021 9:00,0,,,
6/13/2021 8:45,0,,,
6/13/2021 8:30,0,,,
6/13/2021 8:15,0,,,
6/13/2021 8:00,0,,,
6/13/2021 7:45,0,,,
6/13/2021 7:30,0,,,
6/13/2021 7:15,0,,,
6/13/2021 7:00,0,,,
6/13/2021 6:45,0,,,
6/13/2021 6:30,0,,,
6/13/2021 6:15,0,,,
6/13/2021 6:00,0,,,
6/13/2021 5:45,0,,,
6/13/2021 5:30,0,,,
6/13/2021 5:15,0,,,
6/13/2021 5:00,0,,,
6/13/2021 4:45,0,,,
6/13/2021 4:30,0,,,
6/13/2021 4:15,0,,,
6/13/2021 4:00,0,,,
6/13/2021 3:45,0,,,
6/13/2021 3:30,0,,,
6/13/2021 3:15,0,,,
6/13/2021 3:00,0,,,
6/13/2021 2:45,0,,,
6/13/2021 2:30,0,,,
6/13/2021 2:15,0,,,
6/13/2021 2:00,0,,,
6/13/2021 1:45,0,,,
6/13/2021 1:30,0,,,
6/13/2021 1:15,0,,,
6/13/2021 1:00,0,,,
6/13/2021 0:45,0,,,
6/13/2021 0:30,0,,,
6/13/2021 0:15,0,,,
6/13/2021 0:00,0,,,
6/12/2021 23:45,0,,,
6/12/2021 23:30,0,,,
6/12/2021 23:15,0,,,
6/12/2021 23:00,0,,,
6/12/2021 22:45,0,,,
6/12/2021 22:30,0,,,
6/12/2021 22:15,0,,,
6/12/2021 22:00,0,,,
6/12/2021 21:45,0,,,
6/12/2021 21:30,0,,,
6/12/2021 21:15,0,,,
6/12/2021 21:00,0,,,
6/12/2021 20:45,0,,,
6/12/2021 20:30,0,,,
6/12/2021 20:15,0,,,
6/12/2021 20:00,0,,,
6/12/2021 19:45,0,,,
6/12/2021 19:30,0,,,
6/12/2021 19:15,0,,,
6/12/2021 19:00,0,,,
6/12/2021 18:45,0,,,
6/12/2021 18:30,0,,,
6/12/2021 18:15,0,,,
6/12/2021 18:00,0,,,
6/12/2021 17:45,0,,,
6/12/2021 17:30,0,,,
6/12/2021 17:15,0,,,
6/12/2021 17:00,0,,,
6/12/2021 16:45,0,,,
6/12/2021 16:30,0,,,
6/12/2021 16:15,0,,,
6/12/2021 16:00,0,,,
6/12/2021 15:45,0,,,
6/12/2021 15:30,0,,,
6/12/2021 15:15,0,,,
6/12/2021 15:00,0,,,
6/12/2021 14:45,0,,,
6/12/2021 14:30,0,,,
6/12/2021 14:15,0,,,
6/12/2021 14:00,0,,,
6/12/2021 13:45,0,,,
6/12/2021 13:30,0,,,
6/12/2021 13:15,0,,,
6/12/2021 13:00,0,,,
6/12/2021 12:45,0,,,
6/12/2021 12:30,0,,,
6/12/2021 12:15,0,,,
6/12/2021 12:00,0,,,
6/12/2021 11:45,0,,,
6/12/2021 11:30,0,,,
6/12/2021 11:15,0,,,
6/12/2021 11:00,0,,,
6/12/2021 10:45,0,,,
6/12/2021 10:30,0,,,
6/12/2021 10:15,0,,,
6/12/2021 10:00,0,,,
6/12/2021 9:45,0,,,
6/12/2021 9:30,0,,,
6/12/2021 9:15,0,,,
6/12/2021 9:00,0,,,
6/12/2021 8:45,0,,,
6/12/2021 8:30,0,,,
6/12/2021 8:15,0,,,
6/12/2021 8:00,0,,,
6/12/2021 7:45,0,,,
6/12/2021 7:30,0,,,
6/12/2021 7:15,0,,,
6/12/2021 7:00,0,,,
6/12/2021 6:45,0,,,
6/12/2021 6:30,0,,,
6/12/2021 6:15,0,,,
6/12/2021 6:00,0,,,
6/12/2021 5:45,0,,,
6/12/2021 5:30,0,,,
6/12/2021 5:15,0,,,
6/12/2021 5:00,0,,,
6/12/2021 4:45,0,,,
6/12/2021 4:30,0,,,
6/12/2021 4:15,0,,,
6/12/2021 4:00,0,,,
6/12/2021 3:45,0,,,
6/12/2021 3:30,0,,,
6/12/2021 3:15,0,,,
6/12/2021 3:00,0,,,
6/12/2021 2:45,0,,,
6/12/2021 2:30,0,,,
6/12/2021 2:15,0,,,
6/12/2021 2:00,0,,,
6/12/2021 1:45,0,,,
6/12/2021 1:30,0,,,
6/12/2021 1:15,0,,,
6/12/2021 1:00,0,,,
6/12/2021 0:45,0,,,
6/12/2021 0:30,0,,,
6/12/2021 0:15,0,,,
6/12/2021 0:00,0,,,
6/11/2021 23:45,0,,,
6/11/2021 23:30,0,,,
6/11/2021 23:15,0,,,
6/11/2021 23:00,0,,,
6/11/2021 22:45,0,,,
6/11/2021 22:30,0,,,
6/11/2021 22:15,0,,,
6/11/2021 22:00,0,,,
6/11/2021 21:45,0,,,
6/11/2021 21:30,0,,,
6/11/2021 21:15,0,,,
6/11/2021 21:00,0,,,
6/11/2021 20:45,0,,,
6/11/2021 20:30,0,,,
6/11/2021 20:15,0,,,
6/11/2021 20:00,0,,,
6/11/2021 19:45,0,,,
6/11/2021 19:30,0,,,
6/11/2021 19:15,0,,,
6/11/2021 19:00,0,,,
6/11/2021 18:45,0,,,
6/11/2021 18:30,0,,,
6/11/2021 18:15,0,,,
6/11/2021 18:00,0,,,
6/11/2021 17:45,0,,,
6/11/2021 17:30,0,,,
6/11/2021 17:15,0,,,
6/11/2021 17:00,0,,,
6/11/2021 16:45,0,,,
6/11/2021 16:30,0,,,
6/11/2021 16:15,0,,,
6/11/2021 16:00,0,,,
6/11/2021 15:45,0,,,
6/11/2021 15:30,0,,,
6/11/2021 15:15,0,,,
6/11/2021 15:00,0,,,
6/11/2021 14:45,0,,,
6/11/2021 14:30,0,,,
6/11/2021 14:15,0,,,
6/11/2021 14:00,0,,,
6/11/2021 13:45,0,,,
6/11/2021 13:30,0,,,
6/11/2021 13:15,0,,,
6/11/2021 13:00,0,,,
6/11/2021 12:45,0,,,
6/11/2021 12:30,0,,,
6/11/2021 12:15,0,,,
6/11/2021 12:00,0,,,
6/11/2021 11:45,0,,,
6/11/2021 11:30,0,,,
6/11/2021 11:15,0,,,
6/11/2021 11:00,0,,,
6/11/2021 10:45,0,,,
6/11/2021 10:30,0,,,
6/11/2021 10:15,0,,,
6/11/2021 10:00,0,,,
6/11/2021 9:45,0,,,
6/11/2021 9:30,0,,,
6/11/2021 9:15,0,,,
6/11/2021 9:00,0,,,
6/11/2021 8:45,0,,,
6/11/2021 8:30,0,,,
6/11/2021 8:15,0,,,
6/11/2021 8:00,0,,,
6/11/2021 7:45,0,,,
6/11/2021 7:30,0,,,
6/11/2021 7:15,0,,,
6/11/2021 7:00,0,,,
6/11/2021 6:45,0,,,
6/11/2021 6:30,0,,,
6/11/2021 6:15,0,,,
6/11/2021 6:00,0,,,
6/11/2021 5:45,0,,,
6/11/2021 5:30,0,,,
6/11/2021 5:15,0,,,
6/11/2021 5:00,0,,,
6/11/2021 4:45,0,,,
6/11/2021 4:30,0,,,
6/11/2021 4:15,0,,,
6/11/2021 4:00,0,,,
6/11/2021 3:45,0,,,
6/11/2021 3:30,0,,,
6/11/2021 3:15,0,,,
6/11/2021 3:00,0,,,
6/11/2021 2:45,0,,,
6/11/2021 2:30,0,,,
6/11/2021 2:15,0,,,
6/11/2021 2:00,0,,,
6/11/2021 1:45,0,,,
6/11/2021 1:30,0,,,
6/11/2021 1:15,0,,,
6/11/2021 1:00,0,,,
6/11/2021 0:45,0,,,
6/11/2021 0:30,0,,,
6/11/2021 0:15,0,,,
6/11/2021 0:00,0,,,
6/10/2021 23:45,0,,,
6/10/2021 23:30,0,,,
6/10/2021 23:15,0,,,
6/10/2021 23:00,0,,,
6/10/2021 22:45,0,,,
6/10/2021 22:30,0,,,
6/10/2021 22:15,0,,,
6/10/2021 22:00,0,,,
6/10/2021 21:45,0,,,
6/10/2021 21:30,0,,,
6/10/2021 21:15,0,,,
6/10/2021 21:00,0,,,
6/10/2021 20:45,0,,,
6/10/2021 20:30,0,,,
6/10/2021 20:15,0,,,
6/10/2021 20:00,0,,,
6/10/2021 19:45,0,,,
6/10/2021 19:30,0,,,
6/10/2021 19:15,0,,,
6/10/2021 19:00,0,,,
6/10/2021 18:45,0,,,
6/10/2021 18:30,0,,,
6/10/2021 18:15,0,,,
6/10/2021 18:00,0,,,
6/10/2021 17:45,0,,,
6/10/2021 17:30,0,,,
6/10/2021 17:15,0,,,
6/10/2021 17:00,0,,,
6/10/2021 16:45,0,,,
6/10/2021 16:30,0,,,
6/10/2021 16:15,0,,,
6/10/2021 16:00,0,,,
6/10/2021 15:45,0,,,
6/10/2021 15:30,0,,,
6/10/2021 15:15,0,,,
6/10/2021 15:00,0,,,
6/10/2021 14:45,0,,,
6/10/2021 14:30,0,,,
6/10/2021 14:15,0,,,
6/10/2021 14:00,0,,,
6/10/2021 13:45,0,,,
6/10/2021 13:30,0,,,
6/10/2021 13:15,0,,,
6/10/2021 13:00,0,,,
6/10/2021 12:45,0,,,
6/10/2021 12:30,0,,,
6/10/2021 12:15,0,,,
6/10/2021 12:00,0,,,
6/10/2021 11:45,0,,,
6/10/2021 11:30,0,,,
6/10/2021 11:15,0,,,
6/10/2021 11:00,0,,,
6/10/2021 10:45,0,,,
6/10/2021 10:30,0,,,
6/10/2021 10:15,0,,,
6/10/2021 10:00,0,,,
6/10/2021 9:45,0,,,
6/10/2021 9:30,0,,,
6/10/2021 9:15,0,,,
6/10/2021 9:00,0,,,
6/10/2021 8:45,0,,,
6/10/2021 8:30,0,,,
6/10/2021 8:15,0,,,
6/10/2021 8:00,0,,,
6/10/2021 7:45,0,,,
6/10/2021 7:30,0,,,
6/10/2021 7:15,0,,,
6/10/2021 7:00,0,,,
6/10/2021 6:45,0,,,
6/10/2021 6:30,0,,,
6/10/2021 6:15,0,,,
6/10/2021 6:00,0,,,
6/10/2021 5:45,0,,,
6/10/2021 5:30,0,,,
6/10/2021 5:15,0,,,
6/10/2021 5:00,0,,,
6/10/2021 4:45,0,,,
6/10/2021 4:30,0,,,
6/10/2021 4:15,0,,,
6/10/2021 4:00,0,,,
6/10/2021 3:45,0,,,
6/10/2021 3:30,0,,,
6/10/2021 3:15,0,,,
6/10/2021 3:00,0,,,
6/10/2021 2:45,0,,,
6/10/2021 2:30,0,,,
6/10/2021 2:15,0,,,
6/10/2021 2:00,0,,,
6/10/2021 1:45,0,,,
6/10/2021 1:30,0,,,
6/10/2021 1:15,0,,,
6/10/2021 1:00,0,,,
6/10/2021 0:45,0,,,
6/10/2021 0:30,0,,,
6/10/2021 0:15,0,,,
6/10/2021 0:00,0,,,
6/9/2021 23:45,0,,,
6/9/2021 23:30,0,,,
6/9/2021 23:15,0,,,
6/9/2021 23:00,0,,,
6/9/2021 22:45,0,,,
6/9/2021 22:30,0,,,
6/9/2021 22:15,0,,,
6/9/2021 22:00,0,,,
6/9/2021 21:45,0,,,
6/9/2021 21:30,0,,,
6/9/2021 21:15,0,,,
6/9/2021 21:00,0,,,
6/9/2021 20:45,0,,,
6/9/2021 20:30,0,,,
6/9/2021 20:15,0,,,
6/9/2021 20:00,0,,,
6/9/2021 19:45,0,,,
6/9/2021 19:30,0,,,
6/9/2021 19:15,0,,,
6/9/2021 19:00,0,,,
6/9/2021 18:45,0,,,
6/9/2021 18:30,0,,,
6/9/2021 18:15,0,,,
6/9/2021 18:00,0,,,
6/9/2021 17:45,0,,,
6/9/2021 17:30,0,,,
6/9/2021 17:15,0,,,
6/9/2021 17:00,0,,,
6/9/2021 16:45,0,,,
6/9/2021 16:30,0,,,
6/9/2021 16:15,0,,,
6/9/2021 16:00,0,,,
6/9/2021 15:45,0,,,
6/9/2021 15:30,0,,,
6/9/2021 15:15,0,,,
6/9/2021 15:00,0,,,
6/9/2021 14:45,0,,,
6/9/2021 14:30,0,,,
6/9/2021 14:15,0,,,
6/9/2021 14:00,0,,,
6/9/2021 13:45,0,,,
6/9/2021 13:30,0,,,
6/9/2021 13:15,0,,,
6/9/2021 13:00,0,,,
6/9/2021 12:45,0,,,
6/9/2021 12:30,0,,,
6/9/2021 12:15,0,,,
6/9/2021 12:00,0,,,
6/9/2021 11:45,0,,,
6/9/2021 11:30,0,,,
6/9/2021 11:15,0,,,
6/9/2021 11:00,0,,,
6/9/2021 10:45,0,,,
6/9/2021 10:30,0,,,
6/9/2021 10:15,0,,,
6/9/2021 10:00,0,,,
6/9/2021 9:45,0,,,
6/9/2021 9:30,0,,,
6/9/2021 9:15,0,,,
6/9/2021 9:00,0,,,
6/9/2021 8:45,0,,,
6/9/2021 8:30,0,,,
6/9/2021 8:15,0,,,
6/9/2021 8:00,0,,,
6/9/2021 7:45,0,,,
6/9/2021 7:30,0,,,
6/9/2021 7:15,0,,,
6/9/2021 7:00,0,,,
6/9/2021 6:45,0,,,
6/9/2021 6:30,0,,,
6/9/2021 6:15,0,,,
6/9/2021 6:00,0,,,
6/9/2021 5:45,0,,,
6/9/2021 5:30,0,,,
6/9/2021 5:15,0,,,
6/9/2021 5:00,0,,,
6/9/2021 4:45,0,,,
6/9/2021 4:30,0,,,
6/9/2021 4:15,0,,,
6/9/2021 4:00,0,,,
6/9/2021 3:45,0,,,
6/9/2021 3:30,0,,,
6/9/2021 3:15,0,,,
6/9/2021 3:00,0,,,
6/9/2021 2:45,0,,,
6/9/2021 2:30,0,,,
6/9/2021 2:15,0,,,
6/9/2021 2:00,0,,,
6/9/2021 1:45,0,,,
6/9/2021 1:30,0,,,
6/9/2021 1:15,0,,,
6/9/2021 1:00,0,,,
6/9/2021 0:45,0,,,
6/9/2021 0:30,0,,,
6/9/2021 0:15,0,,,
6/9/2021 0:00,0,,,
6/8/2021 23:45,0,,,
6/8/2021 23:30,0,,,
6/8/2021 23:15,0,,,
6/8/2021 23:00,0,,,
6/8/2021 22:45,0,,,
6/8/2021 22:30,0,,,
6/8/2021 22:15,0,,,
6/8/2021 22:00,0,,,
6/8/2021 21:45,0,,,
6/8/2021 21:30,0,,,
6/8/2021 21:15,0,,,
6/8/2021 21:00,0,,,
6/8/2021 20:45,0,,,
6/8/2021 20:30,0,,,
6/8/2021 20:15,0,,,
6/8/2021 20:00,0,,,
6/8/2021 19:45,0,,,
6/8/2021 19:30,0,,,
6/8/2021 19:15,0,,,
6/8/2021 19:00,0,,,
6/8/2021 18:45,0,,,
6/8/2021 18:30,0,,,
6/8/2021 18:15,0,,,
6/8/2021 18:00,0,,,
6/8/2021 17:45,0,,,
6/8/2021 17:30,0,,,
6/8/2021 17:15,0,,,
6/8/2021 17:00,0,,,
6/8/2021 16:45,0,,,
6/8/2021 16:30,0,,,
6/8/2021 16:15,0,,,
6/8/2021 16:00,0,,,
6/8/2021 15:45,0,,,
6/8/2021 15:30,0,,,
6/8/2021 15:15,0,,,
6/8/2021 15:00,0,,,
6/8/2021 14:45,0,,,
6/8/2021 14:30,0,,,
6/8/2021 14:15,0,,,
6/8/2021 14:00,0,,,
6/8/2021 13:45,0,,,
6/8/2021 13:30,0,,,
6/8/2021 13:15,0,,,
6/8/2021 13:00,0,,,
6/8/2021 12:45,0,,,
6/8/2021 12:30,0,,,
6/8/2021 12:15,0,,,
6/8/2021 12:00,0,,,
6/8/2021 11:45,0,,,
6/8/2021 11:30,0,,,
6/8/2021 11:15,0,,,
6/8/2021 11:00,0,,,
6/8/2021 10:45,0,,,
6/8/2021 10:30,0,,,
6/8/2021 10:15,0,,,
6/8/2021 10:00,0,,,
6/8/2021 9:45,0,,,
6/8/2021 9:30,0,,,
6/8/2021 9:15,0,,,
6/8/2021 9:00,0,,,
6/8/2021 8:45,0,,,
6/8/2021 8:30,0,,,
6/8/2021 8:15,0,,,
6/8/2021 8:00,0,,,
6/8/2021 7:45,0,,,
6/8/2021 7:30,0,,,
6/8/2021 7:15,0,,,
6/8/2021 7:00,0,,,
6/8/2021 6:45,0,,,
6/8/2021 6:30,0,,,
6/8/2021 6:15,0,,,
6/8/2021 6:00,0,,,
6/8/2021 5:45,0,,,
6/8/2021 5:30,0,,,
6/8/2021 5:15,0,,,
6/8/2021 5:00,0,,,
6/8/2021 4:45,0,,,
6/8/2021 4:30,0,,,
6/8/2021 4:15,0,,,
6/8/2021 4:00,0,,,
6/8/2021 3:45,0,,,
6/8/2021 3:30,0,,,
6/8/2021 3:15,0,,,
6/8/2021 3:00,0,,,
6/8/2021 2:45,0,,,
6/8/2021 2:30,0,,,
6/8/2021 2:15,0,,,
6/8/2021 2:00,0,,,
6/8/2021 1:45,0,,,
6/8/2021 1:30,0,,,
6/8/2021 1:15,0,,,
6/8/2021 1:00,0,,,
6/8/2021 0:45,0,,,
6/8/2021 0:30,0,,,
6/8/2021 0:15,0,,,
6/8/2021 0:00,0,,,
6/7/2021 23:45,0,,,
6/7/2021 23:30,0,,,
6/7/2021 23:15,0,,,
6/7/2021 23:00,0,,,
6/7/2021 22:45,0,,,
6/7/2021 22:30,0,,,
6/7/2021 22:15,0,,,
6/7/2021 22:00,0,,,
6/7/2021 21:45,0,,,
6/7/2021 21:30,0,,,
6/7/2021 21:15,0,,,
6/7/2021 21:00,0,,,
6/7/2021 20:45,0,,,
6/7/2021 20:30,0,,,
6/7/2021 20:15,0,,,
6/7/2021 20:00,0,,,
6/7/2021 19:45,0,,,
6/7/2021 19:30,0,,,
6/7/2021 19:15,0,,,
6/7/2021 19:00,0,,,
6/7/2021 18:45,0,,,
6/7/2021 18:30,0,,,
6/7/2021 18:15,0,,,
6/7/2021 18:00,0,,,
6/7/2021 17:45,0,,,
6/7/2021 17:30,0,,,
6/7/2021 17:15,0,,,
6/7/2021 17:00,0,,,
6/7/2021 16:45,0,,,
6/7/2021 16:30,0,,,
6/7/2021 16:15,0,,,
6/7/2021 16:00,0,,,
6/7/2021 15:45,0,,,
6/7/2021 15:30,0,,,
6/7/2021 15:15,0,,,
6/7/2021 15:00,0,,,
6/7/2021 14:45,0,,,
6/7/2021 14:30,0,,,
6/7/2021 14:15,0,,,
6/7/2021 14:00,0,,,
6/7/2021 13:45,0,,,
6/7/2021 13:30,0,,,
6/7/2021 13:15,0,,,
6/7/2021 13:00,0,,,
6/7/2021 12:45,0,,,
6/7/2021 12:30,0,,,
6/7/2021 12:15,0,,,
6/7/2021 12:00,0,,,
6/7/2021 11:45,0,,,
6/7/2021 11:30,0,,,
6/7/2021 11:15,0,,,
6/7/2021 11:00,0,,,
6/7/2021 10:45,0,,,
6/7/2021 10:30,0,,,
6/7/2021 10:15,0,,,
6/7/2021 10:00,0,,,
6/7/2021 9:45,0,,,
6/7/2021 9:30,0,,,
6/7/2021 9:15,0,,,
6/7/2021 9:00,0,,,
6/7/2021 8:45,0,,,
6/7/2021 8:30,0,,,
6/7/2021 8:15,0,,,
6/7/2021 8:00,0,,,
6/7/2021 7:45,0,,,
6/7/2021 7:30,0,,,
6/7/2021 7:15,0,,,
6/7/2021 7:00,0,,,
6/7/2021 6:45,0,,,
6/7/2021 6:30,0,,,
6/7/2021 6:15,0,,,
6/7/2021 6:00,0,,,
6/7/2021 5:45,0,,,
6/7/2021 5:30,0,,,
6/7/2021 5:15,0,,,
6/7/2021 5:00,0,,,
6/7/2021 4:45,0,,,
6/7/2021 4:30,0,,,
6/7/2021 4:15,0,,,
6/7/2021 4:00,0,,,
6/7/2021 3:45,0,,,
6/7/2021 3:30,0,,,
6/7/2021 3:15,0,,,
6/7/2021 3:00,0,,,
6/7/2021 2:45,0,,,
6/7/2021 2:30,0,,,
6/7/2021 2:15,0,,,
6/7/2021 2:00,0,,,
6/7/2021 1:45,0,,,
6/7/2021 1:30,0,,,
6/7/2021 1:15,0,,,
6/7/2021 1:00,0,,,
6/7/2021 0:45,0,,,
6/7/2021 0:30,0,,,
6/7/2021 0:15,0,,,
6/7/2021 0:00,0,,,
6/6/2021 23:45,0,,,
6/6/2021 23:30,0,,,
6/6/2021 23:15,0,,,
6/6/2021 23:00,0,,,
6/6/2021 22:45,0,,,
6/6/2021 22:30,0,,,
6/6/2021 22:15,0,,,
6/6/2021 22:00,0,,,
6/6/2021 21:45,0,,,
6/6/2021 21:30,0,,,
6/6/2021 21:15,0,,,
6/6/2021 21:00,0,,,
6/6/2021 20:45,0,,,
6/6/2021 20:30,0,,,
6/6/2021 20:15,0,,,
6/6/2021 20:00,0,,,
6/6/2021 19:45,0,,,
6/6/2021 19:30,0,,,
6/6/2021 19:15,0,,,
6/6/2021 19:00,0,,,
6/6/2021 18:45,0,,,
6/6/2021 18:30,0,,,
6/6/2021 18:15,0,,,
6/6/2021 18:00,0,,,
6/6/2021 17:45,0,,,
6/6/2021 17:30,0,,,
6/6/2021 17:15,0,,,
6/6/2021 17:00,0,,,
6/6/2021 16:45,0,,,
6/6/2021 16:30,0,,,
6/6/2021 16:15,0,,,
6/6/2021 16:00,0,,,
6/6/2021 15:45,0,,,
6/6/2021 15:30,0,,,
6/6/2021 15:15,0,,,
6/6/2021 15:00,0,,,
6/6/2021 14:45,0,,,
6/6/2021 14:30,0,,,
6/6/2021 14:15,0,,,
6/6/2021 14:00,0,,,
6/6/2021 13:45,0,,,
6/6/2021 13:30,0,,,
6/6/2021 13:15,0,,,
6/6/2021 13:00,0,,,
6/6/2021 12:45,0,,,
6/6/2021 12:30,0,,,
6/6/2021 12:15,0,,,
6/6/2021 12:00,0,,,
6/6/2021 11:45,0,,,
6/6/2021 11:30,0,,,
6/6/2021 11:15,0,,,
6/6/2021 11:00,0,,,
6/6/2021 10:45,0,,,
6/6/2021 10:30,0,,,
6/6/2021 10:15,0,,,
6/6/2021 10:00,0,,,
6/6/2021 9:45,0,,,
6/6/2021 9:30,0,,,
6/6/2021 9:15,0,,,
6/6/2021 9:00,0,,,
6/6/2021 8:45,0,,,
6/6/2021 8:30,0,,,
6/6/2021 8:15,0,,,
6/6/2021 8:00,0,,,
6/6/2021 7:45,0,,,
6/6/2021 7:30,0,,,
6/6/2021 7:15,0,,,
6/6/2021 7:00,0,,,
6/6/2021 6:45,0,,,
6/6/2021 6:30,0,,,
6/6/2021 6:15,0,,,
6/6/2021 6:00,0,,,
6/6/2021 5:45,0,,,
6/6/2021 5:30,0,,,
6/6/2021 5:15,0,,,
6/6/2021 5:00,0,,,
6/6/2021 4:45,0,,,
6/6/2021 4:30,0,,,
6/6/2021 4:15,0,,,
6/6/2021 4:00,0,,,
6/6/2021 3:45,0,,,
6/6/2021 3:30,0,,,
6/6/2021 3:15,0,,,
6/6/2021 3:00,0,,,
6/6/2021 2:45,0,,,
6/6/2021 2:30,0,,,
6/6/2021 2:15,0,,,
6/6/2021 2:00,0,,,
6/6/2021 1:45,0,,,
6/6/2021 1:30,0,,,
6/6/2021 1:15,0,,,
6/6/2021 1:00,0,,,
6/6/2021 0:45,0,,,
6/6/2021 0:30,0,,,
6/6/2021 0:15,0,,,
6/6/2021 0:00,0,,,
6/5/2021 23:45,0,,,
6/5/2021 23:30,0,,,
6/5/2021 23:15,0,,,
6/5/2021 23:00,0,,,
6/5/2021 22:45,0,,,
6/5/2021 22:30,0,,,
6/5/2021 22:15,0,,,
6/5/2021 22:00,0,,,
6/5/2021 21:45,0,,,
6/5/2021 21:30,0,,,
6/5/2021 21:15,0,,,
6/5/2021 21:00,0,,,
6/5/2021 20:45,0,,,
6/5/2021 20:30,0,,,
6/5/2021 20:15,0,,,
6/5/2021 20:00,0,,,
6/5/2021 19:45,0,,,
6/5/2021 19:30,0,,,
6/5/2021 19:15,0,,,
6/5/2021 19:00,0,,,
6/5/2021 18:45,0,,,
6/5/2021 18:30,0,,,
6/5/2021 18:15,0,,,
6/5/2021 18:00,0,,,
6/5/2021 17:45,0,,,
6/5/2021 17:30,0,,,
6/5/2021 17:15,0,,,
6/5/2021 17:00,0,,,
6/5/2021 16:45,0,,,
6/5/2021 16:30,0,,,
6/5/2021 16:15,0,,,
6/5/2021 16:00,0,,,
6/5/2021 15:45,0,,,
6/5/2021 15:30,0,,,
6/5/2021 15:15,0,,,
6/5/2021 15:00,0,,,
6/5/2021 14:45,0,,,
6/5/2021 14:30,0,,,
6/5/2021 14:15,0,,,
6/5/2021 14:00,0,,,
6/5/2021 13:45,0,,,
6/5/2021 13:30,0,,,
6/5/2021 13:15,0,,,
6/5/2021 13:00,0,,,
6/5/2021 12:45,0,,,
6/5/2021 12:30,0,,,
6/5/2021 12:15,0,,,
6/5/2021 12:00,0,,,
6/5/2021 11:45,0,,,
6/5/2021 11:30,0,,,
6/5/2021 11:15,0,,,
6/5/2021 11:00,0,,,
6/5/2021 10:45,0,,,
6/5/2021 10:30,0,,,
6/5/2021 10:15,0,,,
6/5/2021 10:00,0,,,
6/5/2021 9:45,0,,,
6/5/2021 9:30,0,,,
6/5/2021 9:15,0,,,
6/5/2021 9:00,0,,,
6/5/2021 8:45,0,,,
6/5/2021 8:30,0,,,
6/5/2021 8:15,0,,,
6/5/2021 8:00,0,,,
6/5/2021 7:45,0,,,
6/5/2021 7:30,0,,,
6/5/2021 7:15,0,,,
6/5/2021 7:00,0,,,
6/5/2021 6:45,0,,,
6/5/2021 6:30,0,,,
6/5/2021 6:15,0,,,
6/5/2021 6:00,0,,,
6/5/2021 5:45,0,,,
6/5/2021 5:30,0,,,
6/5/2021 5:15,0,,,
6/5/2021 5:00,0,,,
6/5/2021 4:45,0,,,
6/5/2021 4:30,0,,,
6/5/2021 4:15,0,,,
6/5/2021 4:00,0,,,
6/5/2021 3:45,0,,,
6/5/2021 3:30,0,,,
6/5/2021 3:15,0,,,
6/5/2021 3:00,0,,,
6/5/2021 2:45,0,,,
6/5/2021 2:30,0,,,
6/5/2021 2:15,0,,,
6/5/2021 2:00,0,,,
6/5/2021 1:45,0,,,
6/5/2021 1:30,0,,,
6/5/2021 1:15,0,,,
6/5/2021 1:00,0,,,
6/5/2021 0:45,0,,,
6/5/2021 0:30,0,,,
6/5/2021 0:15,0,,,
6/5/2021 0:00,0,,,
6/4/2021 23:45,0,,,
6/4/2021 23:30,0,,,
6/4/2021 23:15,0,,,
6/4/2021 23:00,0,,,
6/4/2021 22:45,0,,,
6/4/2021 22:30,0,,,
6/4/2021 22:15,0,,,
6/4/2021 22:00,0,,,
6/4/2021 21:45,0,,,
6/4/2021 21:30,0,,,
6/4/2021 21:15,0,,,
6/4/2021 21:00,0,,,
6/4/2021 20:45,0,,,
6/4/2021 20:30,0,,,
6/4/2021 20:15,0,,,
6/4/2021 20:00,0,,,
6/4/2021 19:45,0,,,
6/4/2021 19:30,0,,,
6/4/2021 19:15,0,,,
6/4/2021 19:00,0,,,
6/4/2021 18:45,0,,,
6/4/2021 18:30,0,,,
6/4/2021 18:15,0,,,
6/4/2021 18:00,0,,,
6/4/2021 17:45,0,,,
6/4/2021 17:30,0,,,
6/4/2021 17:15,0,,,
6/4/2021 17:00,0,,,
6/4/2021 16:45,0,,,
6/4/2021 16:30,0,,,
6/4/2021 16:15,0,,,
6/4/2021 16:00,0,,,
6/4/2021 15:45,0,,,
6/4/2021 15:30,0,,,
6/4/2021 15:15,0,,,
6/4/2021 15:00,0,,,
6/4/2021 14:45,0,,,
6/4/2021 14:30,0,,,
6/4/2021 14:15,0,,,
6/4/2021 14:00,0,,,
6/4/2021 13:45,0,,,
6/4/2021 13:30,0,,,
6/4/2021 13:15,0,,,
6/4/2021 13:00,0,,,
6/4/2021 12:45,0,,,
6/4/2021 12:30,0,,,
6/4/2021 12:15,0,,,
6/4/2021 12:00,0,,,
6/4/2021 11:45,0,,,
6/4/2021 11:30,0,,,
6/4/2021 11:15,0,,,
6/4/2021 11:00,0,,,
6/4/2021 10:45,0,,,
6/4/2021 10:30,0,,,
6/4/2021 10:15,0,,,
6/4/2021 10:00,0,,,
6/4/2021 9:45,0,,,
6/4/2021 9:30,0,,,
6/4/2021 9:15,0,,,
6/4/2021 9:00,0,,,
6/4/2021 8:45,0,,,
6/4/2021 8:30,0,,,
6/4/2021 8:15,0,,,
6/4/2021 8:00,0,,,
6/4/2021 7:45,0,,,
6/4/2021 7:30,0,,,
6/4/2021 7:15,0,,,
6/4/2021 7:00,0,,,
6/4/2021 6:45,0,,,
6/4/2021 6:30,0,,,
6/4/2021 6:15,0,,,
6/4/2021 6:00,0,,,
6/4/2021 5:45,0,,,
6/4/2021 5:30,0,,,
6/4/2021 5:15,0,,,
6/4/2021 5:00,0,,,
6/4/2021 4:45,0,,,
6/4/2021 4:30,0,,,
6/4/2021 4:15,0,,,
6/4/2021 4:00,0,,,
6/4/2021 3:45,0,,,
6/4/2021 3:30,0,,,
6/4/2021 3:15,0,,,
6/4/2021 3:00,0,,,
6/4/2021 2:45,0,,,
6/4/2021 2:30,0,,,
6/4/2021 2:15,0,,,
6/4/2021 2:00,0,,,
6/4/2021 1:45,0,,,
6/4/2021 1:30,0,,,
6/4/2021 1:15,0,,,
6/4/2021 1:00,0,,,
6/4/2021 0:45,0,,,
6/4/2021 0:30,0,,,
6/4/2021 0:15,0,,,
6/4/2021 0:00,0,,,
6/3/2021 23:45,0,,,
6/3/2021 23:30,0,,,
6/3/2021 23:15,0,,,
6/3/2021 23:00,0,,,
6/3/2021 22:45,0,,,
6/3/2021 22:30,0,,,
6/3/2021 22:15,0,,,
6/3/2021 22:00,0,,,
6/3/2021 21:45,0,,,
6/3/2021 21:30,0,,,
6/3/2021 21:15,0,,,
6/3/2021 21:00,0,,,
6/3/2021 20:45,0,,,
6/3/2021 20:30,0,,,
6/3/2021 20:15,0,,,
6/3/2021 20:00,0,,,
6/3/2021 19:45,0,,,
6/3/2021 19:30,0,,,
6/3/2021 19:15,0,,,
6/3/2021 19:00,0,,,
6/3/2021 18:45,0,,,
6/3/2021 18:30,0,,,
6/3/2021 18:15,0,,,
6/3/2021 18:00,0,,,
6/3/2021 17:45,0,,,
6/3/2021 17:30,0,,,
6/3/2021 17:15,0,,,
6/3/2021 17:00,0,,,
6/3/2021 16:45,0,,,
6/3/2021 16:30,0,,,
6/3/2021 16:15,0,,,
6/3/2021 16:00,0,,,
6/3/2021 15:45,0,,,
6/3/2021 15:30,0,,,
6/3/2021 15:15,0,,,
6/3/2021 15:00,0,,,
6/3/2021 14:45,0,,,
6/3/2021 14:30,0,,,
6/3/2021 14:15,0,,,
6/3/2021 14:00,0,,,
6/3/2021 13:45,0,,,
6/3/2021 13:30,0,,,
6/3/2021 13:15,0,,,
6/3/2021 13:00,0,,,
6/3/2021 12:45,0,,,
6/3/2021 12:30,0,,,
6/3/2021 12:15,0,,,
6/3/2021 12:00,0,,,
6/3/2021 11:45,0,,,
6/3/2021 11:30,0,,,
6/3/2021 11:15,0,,,
6/3/2021 11:00,0,,,
6/3/2021 10:45,0,,,
6/3/2021 10:30,0,,,
6/3/2021 10:15,0,,,
6/3/2021 10:00,0,,,
6/3/2021 9:45,0,,,
6/3/2021 9:30,0,,,
6/3/2021 9:15,0,,,
6/3/2021 9:00,0,,,
6/3/2021 8:45,0,,,
6/3/2021 8:30,0,,,
6/3/2021 8:15,0,,,
6/3/2021 8:00,0,,,
6/3/2021 7:45,0,,,
6/3/2021 7:30,0,,,
6/3/2021 7:15,0,,,
6/3/2021 7:00,0,,,
6/3/2021 6:45,0,,,
6/3/2021 6:30,0,,,
6/3/2021 6:15,0,,,
6/3/2021 6:00,0,,,
6/3/2021 5:45,0,,,
6/3/2021 5:30,0,,,
6/3/2021 5:15,0,,,
6/3/2021 5:00,0,,,
6/3/2021 4:45,0,,,
6/3/2021 4:30,0,,,
6/3/2021 4:15,0,,,
6/3/2021 4:00,0,,,
6/3/2021 3:45,0,,,
6/3/2021 3:30,0,,,
6/3/2021 3:15,0,,,
6/3/2021 3:00,0,,,
6/3/2021 2:45,0,,,
6/3/2021 2:30,0,,,
6/3/2021 2:15,0,,,
6/3/2021 2:00,0,,,
6/3/2021 1:45,0,,,
6/3/2021 1:30,0,,,
6/3/2021 1:15,0,,,
6/3/2021 1:00,0,,,
6/3/2021 0:45,0,,,
6/3/2021 0:30,0,,,
6/3/2021 0:15,0,,,
6/3/2021 0:00,0,,,
6/2/2021 23:45,0,,,
6/2/2021 23:30,0,,,
6/2/2021 23:15,0,,,
6/2/2021 23:00,0,,,
6/2/2021 22:45,0,,,
6/2/2021 22:30,0,,,
6/2/2021 22:15,0,,,
6/2/2021 22:00,0,,,
6/2/2021 21:45,0,,,
6/2/2021 21:30,0,,,
6/2/2021 21:15,0,,,
6/2/2021 21:00,0,,,
6/2/2021 20:45,0,,,
6/2/2021 20:30,0,,,
6/2/2021 20:15,0,,,
6/2/2021 20:00,0,,,
6/2/2021 19:45,0,,,
6/2/2021 19:30,0,,,
6/2/2021 19:15,0,,,
6/2/2021 19:00,0,,,
6/2/2021 18:45,0,,,
6/2/2021 18:30,0,,,
6/2/2021 18:15,0,,,
6/2/2021 18:00,0,,,
6/2/2021 17:45,0,,,
6/2/2021 17:30,0,,,
6/2/2021 17:15,0,,,
6/2/2021 17:00,0,,,
6/2/2021 16:45,0,,,
6/2/2021 16:30,0,,,
6/2/2021 16:15,0,,,
6/2/2021 16:00,0,,,
6/2/2021 15:45,0,,,
6/2/2021 15:30,0,,,
6/2/2021 15:15,0,,,
6/2/2021 15:00,0,,,
6/2/2021 14:45,0,,,
6/2/2021 14:30,0,,,
6/2/2021 14:15,0,,,
6/2/2021 14:00,0,,,
6/2/2021 13:45,0,,,
6/2/2021 13:30,0,,,
6/2/2021 13:15,0,,,
6/2/2021 13:00,0,,,
6/2/2021 12:45,0,,,
6/2/2021 12:30,0,,,
6/2/2021 12:15,0,,,
6/2/2021 12:00,0,,,
6/2/2021 11:45,0,,,
6/2/2021 11:30,0,,,
6/2/2021 11:15,0,,,
6/2/2021 11:00,0,,,
6/2/2021 10:45,0,,,
6/2/2021 10:30,0,,,
6/2/2021 10:15,0,,,
6/2/2021 10:00,0,,,
6/2/2021 9:45,0,,,
6/2/2021 9:30,0,,,
6/2/2021 9:15,0,,,
6/2/2021 9:00,0,,,
6/2/2021 8:45,0,,,
6/2/2021 8:30,0,,,
6/2/2021 8:15,0,,,
6/2/2021 8:00,0,,,
6/2/2021 7:45,0,,,
6/2/2021 7:30,0,,,
6/2/2021 7:15,0,,,
6/2/2021 7:00,0,,,
6/2/2021 6:45,0,,,
6/2/2021 6:30,0,,,
6/2/2021 6:15,0,,,
6/2/2021 6:00,0,,,
6/2/2021 5:45,0,,,
6/2/2021 5:30,0,,,
6/2/2021 5:15,0,,,
6/2/2021 5:00,0,,,
6/2/2021 4:45,0,,,
6/2/2021 4:30,0,,,
6/2/2021 4:15,0,,,
6/2/2021 4:00,0,,,
6/2/2021 3:45,0,,,
6/2/2021 3:30,0,,,
6/2/2021 3:15,0,,,
6/2/2021 3:00,0,,,
6/2/2021 2:45,0,,,
6/2/2021 2:30,0,,,
6/2/2021 2:15,0,,,
6/2/2021 2:00,0,,,
6/2/2021 1:45,0,,,
6/2/2021 1:30,0,,,
6/2/2021 1:15,0,,,
6/2/2021 1:00,0,,,
6/2/2021 0:45,0,,,
6/2/2021 0:30,0,,,
6/2/2021 0:15,0,,,
6/2/2021 0:00,0,,,
6/1/2021 23:45,0,,,
6/1/2021 23:30,0,,,
6/1/2021 23:15,0,,,
6/1/2021 23:00,0,,,
6/1/2021 22:45,0,,,
6/1/2021 22:30,0,,,
6/1/2021 22:15,0,,,
6/1/2021 22:00,0,,,
6/1/2021 21:45,0,,,
6/1/2021 21:30,0,,,
6/1/2021 21:15,0,,,
6/1/2021 21:00,0,,,
6/1/2021 20:45,0,,,
6/1/2021 20:30,0,,,
6/1/2021 20:15,0,,,
6/1/2021 20:00,0,,,
6/1/2021 19:45,0,,,
6/1/2021 19:30,0,,,
6/1/2021 19:15,0,,,
6/1/2021 19:00,0,,,
6/1/2021 18:45,0,,,
6/1/2021 18:30,0,,,
6/1/2021 18:15,0,,,
6/1/2021 18:00,0,,,
6/1/2021 17:45,0,,,
6/1/2021 17:30,0,,,
6/1/2021 17:15,0,,,
6/1/2021 17:00,0,,,
6/1/2021 16:45,0,,,
6/1/2021 16:30,0,,,
6/1/2021 16:15,0,,,
6/1/2021 16:00,0,,,
6/1/2021 15:45,0,,,
6/1/2021 15:30,0,,,
6/1/2021 15:15,0,,,
6/1/2021 15:00,0,,,
6/1/2021 14:45,0,,,
6/1/2021 14:30,0,,,
6/1/2021 14:15,0,,,
6/1/2021 14:00,0,,,
6/1/2021 13:45,0,,,
6/1/2021 13:30,0,,,
6/1/2021 13:15,0,,,
6/1/2021 13:00,0,,,
6/1/2021 12:45,0,,,
6/1/2021 12:30,0,,,
6/1/2021 12:15,0,,,
6/1/2021 12:00,0,,,
6/1/2021 11:45,0,,,
6/1/2021 11:30,0,,,
6/1/2021 11:15,0,,,
6/1/2021 11:00,0,,,
6/1/2021 10:45,0,,,
6/1/2021 10:30,0,,,
6/1/2021 10:15,0,,,
6/1/2021 10:00,0,,,
6/1/2021 9:45,0,,,
6/1/2021 9:30,0,,,
6/1/2021 9:15,0,,,
6/1/2021 9:00,0,,,
6/1/2021 8:45,0,,,
6/1/2021 8:30,0,,,
6/1/2021 8:15,0,,,
6/1/2021 8:00,0,,,
6/1/2021 7:45,0,,,
6/1/2021 7:30,0,,,
6/1/2021 7:15,0,,,
6/1/2021 7:00,0,,,
6/1/2021 6:45,0,,,
6/1/2021 6:30,0,,,
6/1/2021 6:15,0,,,
6/1/2021 6:00,0,,,
6/1/2021 5:45,0,,,
6/1/2021 5:30,0,,,
6/1/2021 5:15,0,,,
6/1/2021 5:00,0,,,
6/1/2021 4:45,0,,,
6/1/2021 4:30,0,,,
6/1/2021 4:15,0,,,
6/1/2021 4:00,0,,,
6/1/2021 3:45,0,,,
6/1/2021 3:30,0,,,
6/1/2021 3:15,0,,,
6/1/2021 3:00,0,,,
6/1/2021 2:45,0,,,
6/1/2021 2:30,0,,,
6/1/2021 2:15,0,,,
6/1/2021 2:00,0,,,
6/1/2021 1:45,0,,,
6/1/2021 1:30,0,,,
6/1/2021 1:15,0,,,
6/1/2021 1:00,0,,,
6/1/2021 0:45,0,,,
6/1/2021 0:30,0,,,
6/1/2021 0:15,0,,,
6/1/2021 0:00,0,,,
5/31/2021 23:45,0,,,
5/31/2021 23:30,0,,,
5/31/2021 23:15,0,,,
5/31/2021 23:00,0,,,
5/31/2021 22:45,0,,,
5/31/2021 22:30,0,,,
5/31/2021 22:15,0,,,
5/31/2021 22:00,0,,,
5/31/2021 21:45,0,,,
5/31/2021 21:30,0,,,
5/31/2021 21:15,0,,,
5/31/2021 21:00,0,,,
5/31/2021 20:45,0,,,
5/31/2021 20:30,0,,,
5/31/2021 20:15,0,,,
5/31/2021 20:00,0,,,
5/31/2021 19:45,0,,,
5/31/2021 19:30,0,,,
5/31/2021 19:15,0,,,
5/31/2021 19:00,0,,,
5/31/2021 18:45,0,,,
5/31/2021 18:30,0,,,
5/31/2021 18:15,0,,,
5/31/2021 18:00,0,,,
5/31/2021 17:45,0,,,
5/31/2021 17:30,0,,,
5/31/2021 17:15,0,,,
5/31/2021 17:00,0,,,
5/31/2021 16:45,0,,,
5/31/2021 16:30,0,,,
5/31/2021 16:15,0,,,
5/31/2021 16:00,0,,,
5/31/2021 15:45,0,,,
5/31/2021 15:30,0,,,
5/31/2021 15:15,0,,,
5/31/2021 15:00,0,,,
5/31/2021 14:45,0,,,
5/31/2021 14:30,0,,,
5/31/2021 14:15,0,,,
5/31/2021 14:00,0,,,
5/31/2021 13:45,0,,,
5/31/2021 13:30,0,,,
5/31/2021 13:15,0,,,
5/31/2021 13:00,0,,,
5/31/2021 12:45,0,,,
5/31/2021 12:30,0,,,
5/31/2021 12:15,0,,,
5/31/2021 12:00,0,,,
5/31/2021 11:45,0,,,
5/31/2021 11:30,0,,,
5/31/2021 11:15,0,,,
5/31/2021 11:00,0,,,
5/31/2021 10:45,0,,,
5/31/2021 10:30,0,,,
5/31/2021 10:15,0,,,
5/31/2021 10:00,0,,,
5/31/2021 9:45,0,,,
5/31/2021 9:30,0,,,
5/31/2021 9:15,0,,,
5/31/2021 9:00,0,,,
5/31/2021 8:45,0,,,
5/31/2021 8:30,0,,,
5/31/2021 8:15,0,,,
5/31/2021 8:00,0,,,
5/31/2021 7:45,0,,,
5/31/2021 7:30,0,,,
5/31/2021 7:15,0,,,
5/31/2021 7:00,0,,,
5/31/2021 6:45,0,,,
5/31/2021 6:30,0,,,
5/31/2021 6:15,0,,,
5/31/2021 6:00,0,,,
5/31/2021 5:45,0,,,
5/31/2021 5:30,0,,,
5/31/2021 5:15,0,,,
5/31/2021 5:00,0,,,
5/31/2021 4:45,0,,,
5/31/2021 4:30,0,,,
5/31/2021 4:15,0,,,
5/31/2021 4:00,0,,,
5/31/2021 3:45,0,,,
5/31/2021 3:30,0,,,
5/31/2021 3:15,0,,,
5/31/2021 3:00,0,,,
5/31/2021 2:45,0,,,
5/31/2021 2:30,0,,,
5/31/2021 2:15,0,,,
5/31/2021 2:00,0,,,
5/31/2021 1:45,0,,,
5/31/2021 1:30,0,,,
5/31/2021 1:15,0,,,
5/31/2021 1:00,0,,,
5/31/2021 0:45,0,,,
5/31/2021 0:30,0,,,
5/31/2021 0:15,0,,,
5/31/2021 0:00,0,,,
5/30/2021 23:45,0,,,
5/30/2021 23:30,0,,,
5/30/2021 23:15,0,,,
5/30/2021 23:00,0,,,
5/30/2021 22:45,0,,,
5/30/2021 22:30,0,,,
5/30/2021 22:15,0,,,
5/30/2021 22:00,0,,,
5/30/2021 21:45,0,,,
5/30/2021 21:30,0,,,
5/30/2021 21:15,0,,,
5/30/2021 21:00,0,,,
5/30/2021 20:45,0,,,
5/30/2021 20:30,0,,,
5/30/2021 20:15,0,,,
5/30/2021 20:00,0,,,
5/30/2021 19:45,0,,,
5/30/2021 19:30,0,,,
5/30/2021 19:15,0,,,
5/30/2021 19:00,0,,,
5/30/2021 18:45,0,,,
5/30/2021 18:30,0,,,
5/30/2021 18:15,0,,,
5/30/2021 18:00,0,,,
5/30/2021 17:45,0,,,
5/30/2021 17:30,0,,,
5/30/2021 17:15,0,,,
5/30/2021 17:00,0,,,
5/30/2021 16:45,0,,,
5/30/2021 16:30,0,,,
5/30/2021 16:15,0,,,
5/30/2021 16:00,0,,,
5/30/2021 15:45,0,,,
5/30/2021 15:30,0,,,
5/30/2021 15:15,0,,,
5/30/2021 15:00,0,,,
5/30/2021 14:45,0,,,
5/30/2021 14:30,0,,,
5/30/2021 14:15,0,,,
5/30/2021 14:00,0,,,
5/30/2021 13:45,0,,,
5/30/2021 13:30,0,,,
5/30/2021 13:15,0,,,
5/30/2021 13:00,0,,,
5/30/2021 12:45,0,,,
5/30/2021 12:30,0,,,
5/30/2021 12:15,0,,,
5/30/2021 12:00,0,,,
5/30/2021 11:45,0,,,
5/30/2021 11:30,0,,,
5/30/2021 11:15,0,,,
5/30/2021 11:00,0,,,
5/30/2021 10:45,0,,,
5/30/2021 10:30,0,,,
5/30/2021 10:15,0,,,
5/30/2021 10:00,0,,,
5/30/2021 9:45,0,,,
5/30/2021 9:30,0,,,
5/30/2021 9:15,0,,,
5/30/2021 9:00,0,,,
5/30/2021 8:45,0,,,
5/30/2021 8:30,0,,,
5/30/2021 8:15,0,,,
5/30/2021 8:00,0,,,
5/30/2021 7:45,0,,,
5/30/2021 7:30,0,,,
5/30/2021 7:15,0,,,
5/30/2021 7:00,0,,,
5/30/2021 6:45,0,,,
5/30/2021 6:30,0,,,
5/30/2021 6:15,0,,,
5/30/2021 6:00,0,,,
5/30/2021 5:45,0,,,
5/30/2021 5:30,0,,,
5/30/2021 5:15,0,,,
5/30/2021 5:00,0,,,
5/30/2021 4:45,0,,,
5/30/2021 4:30,0,,,
5/30/2021 4:15,0,,,
5/30/2021 4:00,0,,,
5/30/2021 3:45,0,,,
5/30/2021 3:30,0,,,
5/30/2021 3:15,0,,,
5/30/2021 3:00,0,,,
5/30/2021 2:45,0,,,
5/30/2021 2:30,0,,,
5/30/2021 2:15,0,,,
5/30/2021 2:00,0,,,
5/30/2021 1:45,0,,,
5/30/2021 1:30,0,,,
5/30/2021 1:15,0,,,
5/30/2021 1:00,0,,,
5/30/2021 0:45,0,,,
5/30/2021 0:30,0,,,
5/30/2021 0:15,0,,,
5/30/2021 0:00,0,,,
5/29/2021 23:45,0,,,
5/29/2021 23:30,0,,,
5/29/2021 23:15,0,,,
5/29/2021 23:00,0,,,
5/29/2021 22:45,0,,,
5/29/2021 22:30,0,,,
5/29/2021 22:15,0,,,
5/29/2021 22:00,0,,,
5/29/2021 21:45,0,,,
5/29/2021 21:30,0,,,
5/29/2021 21:15,0,,,
5/29/2021 21:00,0,,,
5/29/2021 20:45,0,,,
5/29/2021 20:30,0,,,
5/29/2021 20:15,0,,,
5/29/2021 20:00,0,,,
5/29/2021 19:45,0,,,
5/29/2021 19:30,0,,,
5/29/2021 19:15,0,,,
5/29/2021 19:00,0,,,
5/29/2021 18:45,0,,,
5/29/2021 18:30,0,,,
5/29/2021 18:15,0,,,
5/29/2021 18:00,0,,,
5/29/2021 17:45,0,,,
5/29/2021 17:30,0,,,
5/29/2021 17:15,0,,,
5/29/2021 17:00,0,,,
5/29/2021 16:45,0,,,
5/29/2021 16:30,0,,,
5/29/2021 16:15,0,,,
5/29/2021 16:00,0,,,
5/29/2021 15:45,0,,,
5/29/2021 15:30,0,,,
5/29/2021 15:15,0,,,
5/29/2021 15:00,0,,,
5/29/2021 14:45,0,,,
5/29/2021 14:30,0,,,
5/29/2021 14:15,0,,,
5/29/2021 14:00,0,,,
5/29/2021 13:45,0,,,
5/29/2021 13:30,0,,,
5/29/2021 13:15,0,,,
5/29/2021 13:00,0,,,
5/29/2021 12:45,0,,,
5/29/2021 12:30,0,,,
5/29/2021 12:15,0,,,
5/29/2021 12:00,0,,,
5/29/2021 11:45,0,,,
5/29/2021 11:30,0,,,
5/29/2021 11:15,0,,,
5/29/2021 11:00,0,,,
5/29/2021 10:45,0,,,
5/29/2021 10:30,0,,,
5/29/2021 10:15,0,,,
5/29/2021 10:00,0,,,
5/29/2021 9:45,0,,,
5/29/2021 9:30,0,,,
5/29/2021 9:15,0,,,
5/29/2021 9:00,0,,,
5/29/2021 8:45,0,,,
5/29/2021 8:30,0,,,
5/29/2021 8:15,0,,,
5/29/2021 8:00,0,,,
5/29/2021 7:45,0,,,
5/29/2021 7:30,0,,,
5/29/2021 7:15,0,,,
5/29/2021 7:00,0,,,
5/29/2021 6:45,0,,,
5/29/2021 6:30,0,,,
5/29/2021 6:15,0,,,
5/29/2021 6:00,0,,,
5/29/2021 5:45,0,,,
5/29/2021 5:30,0,,,
5/29/2021 5:15,0,,,
5/29/2021 5:00,0,,,
5/29/2021 4:45,0,,,
5/29/2021 4:30,0,,,
5/29/2021 4:15,0,,,
5/29/2021 4:00,0,,,
5/29/2021 3:45,0,,,
5/29/2021 3:30,0,,,
5/29/2021 3:15,0,,,
5/29/2021 3:00,0,,,
5/29/2021 2:45,0,,,
5/29/2021 2:30,0,,,
5/29/2021 2:15,0,,,
5/29/2021 2:00,0,,,
5/29/2021 1:45,0,,,
5/29/2021 1:30,0,,,
5/29/2021 1:15,0,,,
5/29/2021 1:00,0,,,
5/29/2021 0:45,0,,,
5/29/2021 0:30,0,,,
5/29/2021 0:15,0,,,
5/29/2021 0:00,0,,,
5/28/2021 23:45,0,,,
5/28/2021 23:30,0,,,
5/28/2021 23:15,0,,,
5/28/2021 23:00,0,,,
5/28/2021 22:45,0,,,
5/28/2021 22:30,0,,,
5/28/2021 22:15,0,,,
5/28/2021 22:00,0,,,
5/28/2021 21:45,0,,,
5/28/2021 21:30,0,,,
5/28/2021 21:15,0,,,
5/28/2021 21:00,0,,,
5/28/2021 20:45,0,,,
5/28/2021 20:30,0,,,
5/28/2021 20:15,0,,,
5/28/2021 20:00,0,,,
5/28/2021 19:45,0,,,
5/28/2021 19:30,0,,,
5/28/2021 19:15,0,,,
5/28/2021 19:00,0,,,
5/28/2021 18:45,0,,,
5/28/2021 18:30,0,,,
5/28/2021 18:15,0,,,
5/28/2021 18:00,0,,,
5/28/2021 17:45,0,,,
5/28/2021 17:30,0,,,
5/28/2021 17:15,0,,,
5/28/2021 17:00,0,,,
5/28/2021 16:45,0,,,
5/28/2021 16:30,0,,,
5/28/2021 16:15,0,,,
5/28/2021 16:00,0,,,
5/28/2021 15:45,0,,,
5/28/2021 15:30,0,,,
5/28/2021 15:15,0,,,
5/28/2021 15:00,0,,,
5/28/2021 14:45,0,,,
5/28/2021 14:30,0,,,
5/28/2021 14:15,0,,,
5/28/2021 14:00,0,,,
5/28/2021 13:45,0,,,
5/28/2021 13:30,0,,,
5/28/2021 13:15,0,,,
5/28/2021 13:00,0,,,
5/28/2021 12:45,0,,,
5/28/2021 12:30,0,,,
5/28/2021 12:15,0,,,
5/28/2021 12:00,0,,,
5/28/2021 11:45,0,,,
5/28/2021 11:30,0,,,
5/28/2021 11:15,0,,,
5/28/2021 11:00,0,,,
5/28/2021 10:45,0,,,
5/28/2021 10:30,0,,,
5/28/2021 10:15,0,,,
5/28/2021 10:00,0,,,
5/28/2021 9:45,0,,,
5/28/2021 9:30,0,,,
5/28/2021 9:15,0,,,
5/28/2021 9:00,0,,,
5/28/2021 8:45,0,,,
5/28/2021 8:30,0,,,
5/28/2021 8:15,0,,,
5/28/2021 8:00,0,,,
5/28/2021 7:45,0,,,
5/28/2021 7:30,0,,,
5/28/2021 7:15,0,,,
5/28/2021 7:00,0,,,
5/28/2021 6:45,0,,,
5/28/2021 6:30,0,,,
5/28/2021 6:15,0,,,
5/28/2021 6:00,0,,,
5/28/2021 5:45,0,,,
5/28/2021 5:30,0,,,
5/28/2021 5:15,0,,,
5/28/2021 5:00,0,,,
5/28/2021 4:45,0,,,
5/28/2021 4:30,0,,,
5/28/2021 4:15,0,,,
5/28/2021 4:00,0,,,
5/28/2021 3:45,0,,,
5/28/2021 3:30,0,,,
5/28/2021 3:15,0,,,
5/28/2021 3:00,0,,,
5/28/2021 2:45,0,,,
5/28/2021 2:30,0,,,
5/28/2021 2:15,0,,,
5/28/2021 2:00,0,,,
5/28/2021 1:45,0,,,
5/28/2021 1:30,0,,,
5/28/2021 1:15,0,,,
5/28/2021 1:00,0,,,
5/28/2021 0:45,0,,,
5/28/2021 0:30,0,,,
5/28/2021 0:15,0,,,
5/28/2021 0:00,0,,,
5/27/2021 23:45,0,,,
5/27/2021 23:30,0,,,
5/27/2021 23:15,0,,,
5/27/2021 23:00,0,,,
5/27/2021 22:45,0,,,
5/27/2021 22:30,0,,,
5/27/2021 22:15,0,,,
5/27/2021 22:00,0,,,
5/27/2021 21:45,0,,,
5/27/2021 21:30,0,,,
5/27/2021 21:15,0,,,
5/27/2021 21:00,0,,,
5/27/2021 20:45,0,,,
5/27/2021 20:30,0,,,
5/27/2021 20:15,0,,,
5/27/2021 20:00,0,,,
5/27/2021 19:45,0,,,
5/27/2021 19:30,0,,,
5/27/2021 19:15,0,,,
5/27/2021 19:00,0,,,
5/27/2021 18:45,0,,,
5/27/2021 18:30,0,,,
5/27/2021 18:15,0,,,
5/27/2021 18:00,0,,,
5/27/2021 17:45,0,,,
5/27/2021 17:30,0,,,
5/27/2021 17:15,0,,,
5/27/2021 17:00,0,,,
5/27/2021 16:45,0,,,
5/27/2021 16:30,0,,,
5/27/2021 16:15,0,,,
5/27/2021 16:00,0,,,
5/27/2021 15:45,0,,,
5/27/2021 15:30,0,,,
5/27/2021 15:15,0,,,
5/27/2021 15:00,0,,,
5/27/2021 14:45,0,,,
5/27/2021 14:30,0,,,
5/27/2021 14:15,0,,,
5/27/2021 14:00,0,,,
5/27/2021 13:45,0,,,
5/27/2021 13:30,0,,,
5/27/2021 13:15,0,,,
5/27/2021 13:00,0,,,
5/27/2021 12:45,0,,,
5/27/2021 12:30,0,,,
5/27/2021 12:15,0,,,
5/27/2021 12:00,0,,,
5/27/2021 11:45,0,,,
5/27/2021 11:30,0,,,
5/27/2021 11:15,0,,,
5/27/2021 11:00,0,,,
5/27/2021 10:45,0,,,
5/27/2021 10:30,0,,,
5/27/2021 10:15,0,,,
5/27/2021 10:00,0,,,
5/27/2021 9:45,0,,,
5/27/2021 9:30,0,,,
5/27/2021 9:15,0,,,
5/27/2021 9:00,0,,,
5/27/2021 8:45,0,,,
5/27/2021 8:30,0,,,
5/27/2021 8:15,0,,,
5/27/2021 8:00,0,,,
5/27/2021 7:45,0,,,
5/27/2021 7:30,0,,,
5/27/2021 7:15,0,,,
5/27/2021 7:00,0,,,
5/27/2021 6:45,0,,,
5/27/2021 6:30,0,,,
5/27/2021 6:15,0,,,
5/27/2021 6:00,0,,,
5/27/2021 5:45,0,,,
5/27/2021 5:30,0,,,
5/27/2021 5:15,0,,,
5/27/2021 5:00,0,,,
5/27/2021 4:45,0,,,
5/27/2021 4:30,0,,,
5/27/2021 4:15,0,,,
5/27/2021 4:00,0,,,
5/27/2021 3:45,0,,,
5/27/2021 3:30,0,,,
5/27/2021 3:15,0,,,
5/27/2021 3:00,0,,,
5/27/2021 2:45,0,,,
5/27/2021 2:30,0,,,
5/27/2021 2:15,0,,,
5/27/2021 2:00,0,,,
5/27/2021 1:45,0,,,
5/27/2021 1:30,0,,,
5/27/2021 1:15,0,,,
5/27/2021 1:00,0,,,
5/27/2021 0:45,0,,,
5/27/2021 0:30,0,,,
5/27/2021 0:15,0,,,
5/27/2021 0:00,0,,,
5/26/2021 23:45,0,,,
5/26/2021 23:30,0,,,
5/26/2021 23:15,0,,,
5/26/2021 23:00,0,,,
5/26/2021 22:45,0,,,
5/26/2021 22:30,0,,,
5/26/2021 22:15,0,,,
5/26/2021 22:00,0,,,
5/26/2021 21:45,0,,,
5/26/2021 21:30,0,,,
5/26/2021 21:15,0,,,
5/26/2021 21:00,0,,,
5/26/2021 20:45,0,,,
5/26/2021 20:30,0,,,
5/26/2021 20:15,0,,,
5/26/2021 20:00,0,,,
5/26/2021 19:45,0,,,
5/26/2021 19:30,0,,,
5/26/2021 19:15,0,,,
5/26/2021 19:00,0,,,
5/26/2021 18:45,0,,,
5/26/2021 18:30,0,,,
5/26/2021 18:15,0,,,
5/26/2021 18:00,0,,,
5/26/2021 17:45,0,,,
5/26/2021 17:30,0,,,
5/26/2021 17:15,0,,,
5/26/2021 17:00,0,,,
5/26/2021 16:45,0,,,
5/26/2021 16:30,0,,,
5/26/2021 16:15,0,,,
5/26/2021 16:00,0,,,
5/26/2021 15:45,0,,,
5/26/2021 15:30,0,,,
5/26/2021 15:15,0,,,
5/26/2021 15:00,0,,,
5/26/2021 14:45,0,,,
5/26/2021 14:30,0,,,
5/26/2021 14:15,0,,,
5/26/2021 14:00,0,,,
5/26/2021 13:45,0,,,
5/26/2021 13:30,0,,,
5/26/2021 13:15,0,,,
5/26/2021 13:00,0,,,
5/26/2021 12:45,0,,,
5/26/2021 12:30,0,,,
5/26/2021 12:15,0,,,
5/26/2021 12:00,0,,,
5/26/2021 11:45,0,,,
5/26/2021 11:30,0,,,
5/26/2021 11:15,0,,,
5/26/2021 11:00,0,,,
5/26/2021 10:45,0,,,
5/26/2021 10:30,0,,,
5/26/2021 10:15,0,,,
5/26/2021 10:00,0,,,
5/26/2021 9:45,0,,,
5/26/2021 9:30,0,,,
5/26/2021 9:15,0,,,
5/26/2021 9:00,0,,,
5/26/2021 8:45,0,,,
5/26/2021 8:30,0,,,
5/26/2021 8:15,0,,,
5/26/2021 8:00,0,,,
5/26/2021 7:45,0,,,
5/26/2021 7:30,0,,,
5/26/2021 7:15,0,,,
5/26/2021 7:00,0,,,
5/26/2021 6:45,0,,,
5/26/2021 6:30,0,,,
5/26/2021 6:15,0,,,
5/26/2021 6:00,0,,,
5/26/2021 5:45,0,,,
5/26/2021 5:30,0,,,
5/26/2021 5:15,0,,,
5/26/2021 5:00,0,,,
5/26/2021 4:45,0,,,
5/26/2021 4:30,0,,,
5/26/2021 4:15,0,,,
5/26/2021 4:00,0,,,
5/26/2021 3:45,0,,,
5/26/2021 3:30,0,,,
5/26/2021 3:15,0,,,
5/26/2021 3:00,0,,,
5/26/2021 2:45,0,,,
5/26/2021 2:30,0,,,
5/26/2021 2:15,0,,,
5/26/2021 2:00,0,,,
5/26/2021 1:45,0,,,
5/26/2021 1:30,0,,,
5/26/2021 1:15,0,,,
5/26/2021 1:00,0,,,
5/26/2021 0:45,0,,,
5/26/2021 0:30,0,,,
5/26/2021 0:15,0,,,
5/26/2021 0:00,0,,,
5/25/2021 23:45,0,,,
5/25/2021 23:30,0,,,
5/25/2021 23:15,0,,,
5/25/2021 23:00,0,,,
5/25/2021 22:45,0,,,
5/25/2021 22:30,0,,,
5/25/2021 22:15,0,,,
5/25/2021 22:00,0,,,
5/25/2021 21:45,0,,,
5/25/2021 21:30,0,,,
5/25/2021 21:15,0,,,
5/25/2021 21:00,0,,,
5/25/2021 20:45,0,,,
5/25/2021 20:30,0,,,
5/25/2021 20:15,0,,,
5/25/2021 20:00,0,,,
5/25/2021 19:45,0,,,
5/25/2021 19:30,0,,,
5/25/2021 19:15,0,,,
5/25/2021 19:00,0,,,
5/25/2021 18:45,0,,,
5/25/2021 18:30,0,,,
5/25/2021 18:15,0,,,
5/25/2021 18:00,0,,,
5/25/2021 17:45,0,,,
5/25/2021 17:30,0,,,
5/25/2021 17:15,0,,,
5/25/2021 17:00,0,,,
5/25/2021 16:45,0,,,
5/25/2021 16:30,0,,,
5/25/2021 16:15,0,,,
5/25/2021 16:00,0,,,
5/25/2021 15:45,0,,,
5/25/2021 15:30,0,,,
5/25/2021 15:15,0,,,
5/25/2021 15:00,0,,,
5/25/2021 14:45,0,,,
5/25/2021 14:30,0,,,
5/25/2021 14:15,0,,,
5/25/2021 14:00,0,,,
5/25/2021 13:45,0,,,
5/25/2021 13:30,0,,,
5/25/2021 13:15,0,,,
5/25/2021 13:00,0,,,
5/25/2021 12:45,0,,,
5/25/2021 12:30,0,,,
5/25/2021 12:15,0,,,
5/25/2021 12:00,0,,,
5/25/2021 11:45,0,,,
5/25/2021 11:30,0,,,
5/25/2021 11:15,0,,,
5/25/2021 11:00,0,,,
5/25/2021 10:45,0,,,
5/25/2021 10:30,0,,,
5/25/2021 10:15,0,,,
5/25/2021 10:00,0,,,
5/25/2021 9:45,0,,,
5/25/2021 9:30,0,,,
5/25/2021 9:15,0,,,
5/25/2021 9:00,0,,,
5/25/2021 8:45,0,,,
5/25/2021 8:30,0,,,
5/25/2021 8:15,0,,,
5/25/2021 8:00,0,,,
5/25/2021 7:45,0,,,
5/25/2021 7:30,0,,,
5/25/2021 7:15,0,,,
5/25/2021 7:00,0,,,
5/25/2021 6:45,0,,,
5/25/2021 6:30,0,,,
5/25/2021 6:15,0,,,
5/25/2021 6:00,0,,,
5/25/2021 5:45,0,,,
5/25/2021 5:30,0,,,
5/25/2021 5:15,0,,,
5/25/2021 5:00,0,,,
5/25/2021 4:45,0,,,
5/25/2021 4:30,0,,,
5/25/2021 4:15,0,,,
5/25/2021 4:00,0,,,
5/25/2021 3:45,0,,,
5/25/2021 3:30,0,,,
5/25/2021 3:15,0,,,
5/25/2021 3:00,0,,,
5/25/2021 2:45,0,,,
5/25/2021 2:30,0,,,
5/25/2021 2:15,0,,,
5/25/2021 2:00,0,,,
5/25/2021 1:45,0,,,
5/25/2021 1:30,0,,,
5/25/2021 1:15,0,,,
5/25/2021 1:00,0,,,
5/25/2021 0:45,0,,,
5/25/2021 0:30,0,,,
5/25/2021 0:15,0,,,
5/25/2021 0:00,0,,,
5/24/2021 23:45,0,,,
5/24/2021 23:30,0,,,
5/24/2021 23:15,0,,,
5/24/2021 23:00,0,,,
5/24/2021 22:45,0,,,
5/24/2021 22:30,0,,,
5/24/2021 22:15,0,,,
5/24/2021 22:00,0,,,
5/24/2021 21:45,0,,,
5/24/2021 21:30,0,,,
5/24/2021 21:15,0,,,
5/24/2021 21:00,0,,,
5/24/2021 20:45,0,,,
5/24/2021 20:30,0,,,
5/24/2021 20:15,0,,,
5/24/2021 20:00,0,,,
5/24/2021 19:45,0,,,
5/24/2021 19:30,0,,,
5/24/2021 19:15,0,,,
5/24/2021 19:00,0,,,
5/24/2021 18:45,0,,,
5/24/2021 18:30,0,,,
5/24/2021 18:15,0,,,
5/24/2021 18:00,0,,,
5/24/2021 17:45,0,,,
5/24/2021 17:30,0,,,
5/24/2021 17:15,0,,,
5/24/2021 17:00,0,,,
5/24/2021 16:45,0,,,
5/24/2021 16:30,0,,,
5/24/2021 16:15,0,,,
5/24/2021 16:00,0,,,
5/24/2021 15:45,0,,,
5/24/2021 15:30,0,,,
5/24/2021 15:15,0,,,
5/24/2021 15:00,0,,,
5/24/2021 14:45,0,,,
5/24/2021 14:30,0,,,
5/24/2021 14:15,0,,,
5/24/2021 14:00,0,,,
5/24/2021 13:45,0,,,
5/24/2021 13:30,0,,,
5/24/2021 13:15,0,,,
5/24/2021 13:00,0,,,
5/24/2021 12:45,0,,,
5/24/2021 12:30,0,,,
5/24/2021 12:15,0,,,
5/24/2021 12:00,0,,,
5/24/2021 11:45,0,,,
5/24/2021 11:30,0,,,
5/24/2021 11:15,0,,,
5/24/2021 11:00,0,,,
5/24/2021 10:45,0,,,
5/24/2021 10:30,0,,,
5/24/2021 10:15,0,,,
5/24/2021 10:00,0,,,
5/24/2021 9:45,0,,,
5/24/2021 9:30,0,,,
5/24/2021 9:15,0,,,
5/24/2021 9:00,0,,,
5/24/2021 8:45,0,,,
5/24/2021 8:30,0,,,
5/24/2021 8:15,0,,,
5/24/2021 8:00,0,,,
5/24/2021 7:45,0,,,
5/24/2021 7:30,0,,,
5/24/2021 7:15,0,,,
5/24/2021 7:00,0,,,
5/24/2021 6:45,0,,,
5/24/2021 6:30,0,,,
5/24/2021 6:15,0,,,
5/24/2021 6:00,0,,,
5/24/2021 5:45,0,,,
5/24/2021 5:30,0,,,
5/24/2021 5:15,0,,,
5/24/2021 5:00,0,,,
5/24/2021 4:45,0,,,
5/24/2021 4:30,0,,,
5/24/2021 4:15,0,,,
5/24/2021 4:00,0,,,
5/24/2021 3:45,0,,,
5/24/2021 3:30,0,,,
5/24/2021 3:15,0,,,
5/24/2021 3:00,0,,,
5/24/2021 2:45,0,,,
5/24/2021 2:30,0,,,
5/24/2021 2:15,0,,,
5/24/2021 2:00,0,,,
5/24/2021 1:45,0,,,
5/24/2021 1:30,0,,,
5/24/2021 1:15,0,,,
5/24/2021 1:00,0,,,
5/24/2021 0:45,0,,,
5/24/2021 0:30,0,,,
5/24/2021 0:15,0,,,
5/24/2021 0:00,0,,,
5/23/2021 23:45,0,,,
5/23/2021 23:30,0,,,
5/23/2021 23:15,0,,,
5/23/2021 23:00,0,,,
5/23/2021 22:45,0,,,
5/23/2021 22:30,0,,,
5/23/2021 22:15,0,,,
5/23/2021 22:00,0,,,
5/23/2021 21:45,0,,,
5/23/2021 21:30,0,,,
5/23/2021 21:15,0,,,
5/23/2021 21:00,0,,,
5/23/2021 20:45,0,,,
5/23/2021 20:30,0,,,
5/23/2021 20:15,0,,,
5/23/2021 20:00,0,,,
5/23/2021 19:45,0,,,
5/23/2021 19:30,0,,,
5/23/2021 19:15,0,,,
5/23/2021 19:00,0,,,
5/23/2021 18:45,0,,,
5/23/2021 18:30,0,,,
5/23/2021 18:15,0,,,
5/23/2021 18:00,0,,,
5/23/2021 17:45,0,,,
5/23/2021 17:30,0,,,
5/23/2021 17:15,0,,,
5/23/2021 17:00,0,,,
5/23/2021 16:45,0,,,
5/23/2021 16:30,0,,,
5/23/2021 16:15,0,,,
5/23/2021 16:00,0,,,
5/23/2021 15:45,0,,,
5/23/2021 15:30,0,,,
5/23/2021 15:15,0,,,
5/23/2021 15:00,0,,,
5/23/2021 14:45,0,,,
5/23/2021 14:30,0,,,
5/23/2021 14:15,0,,,
5/23/2021 14:00,0,,,
5/23/2021 13:45,0,,,
5/23/2021 13:30,0,,,
5/23/2021 13:15,0,,,
5/23/2021 13:00,0,,,
5/23/2021 12:45,0,,,
5/23/2021 12:30,0,,,
5/23/2021 12:15,0,,,
5/23/2021 12:00,0,,,
5/23/2021 11:45,0,,,
5/23/2021 11:30,0,,,
5/23/2021 11:15,0,,,
5/23/2021 11:00,0,,,
5/23/2021 10:45,0,,,
5/23/2021 10:30,0,,,
5/23/2021 10:15,0,,,
5/23/2021 10:00,0,,,
5/23/2021 9:45,0,,,
5/23/2021 9:30,0,,,
5/23/2021 9:15,0,,,
5/23/2021 9:00,0,,,
5/23/2021 8:45,0,,,
5/23/2021 8:30,0,,,
5/23/2021 8:15,0,,,
5/23/2021 8:00,0,,,
5/23/2021 7:45,0,,,
5/23/2021 7:30,0,,,
5/23/2021 7:15,0,,,
5/23/2021 7:00,0,,,
5/23/2021 6:45,0,,,
5/23/2021 6:30,0,,,
5/23/2021 6:15,0,,,
5/23/2021 6:00,0,,,
5/23/2021 5:45,0,,,
5/23/2021 5:30,0,,,
5/23/2021 5:15,0,,,
5/23/2021 5:00,0,,,
5/23/2021 4:45,0,,,
5/23/2021 4:30,0,,,
5/23/2021 4:15,0,,,
5/23/2021 4:00,0,,,
5/23/2021 3:45,0,,,
5/23/2021 3:30,0,,,
5/23/2021 3:15,0,,,
5/23/2021 3:00,0,,,
5/23/2021 2:45,0,,,
5/23/2021 2:30,0,,,
5/23/2021 2:15,0,,,
5/23/2021 2:00,0,,,
5/23/2021 1:45,0,,,
5/23/2021 1:30,0,,,
5/23/2021 1:15,0,,,
5/23/2021 1:00,0,,,
5/23/2021 0:45,0,,,
5/23/2021 0:30,0,,,
5/23/2021 0:15,0,,,
5/23/2021 0:00,0,,,
5/22/2021 23:45,0,,,
5/22/2021 23:30,0,,,
5/22/2021 23:15,0,,,
5/22/2021 23:00,0,,,
5/22/2021 22:45,0,,,
5/22/2021 22:30,0,,,
5/22/2021 22:15,0,,,
5/22/2021 22:00,0,,,
5/22/2021 21:45,0,,,
5/22/2021 21:30,0,,,
5/22/2021 21:15,0,,,
5/22/2021 21:00,0,,,
5/22/2021 20:45,0,,,
5/22/2021 20:30,0,,,
5/22/2021 20:15,0,,,
5/22/2021 20:00,0,,,
5/22/2021 19:45,0,,,
5/22/2021 19:30,0,,,
5/22/2021 19:15,0,,,
5/22/2021 19:00,0,,,
5/22/2021 18:45,0,,,
5/22/2021 18:30,0,,,
5/22/2021 18:15,0,,,
5/22/2021 18:00,0,,,
5/22/2021 17:45,0,,,
5/22/2021 17:30,0,,,
5/22/2021 17:15,0,,,
5/22/2021 17:00,0,,,
5/22/2021 16:45,0,,,
5/22/2021 16:30,0,,,
5/22/2021 16:15,0,,,
5/22/2021 16:00,0,,,
5/22/2021 15:45,0,,,
5/22/2021 15:30,0,,,
5/22/2021 15:15,0,,,
5/22/2021 15:00,0,,,
5/22/2021 14:45,0,,,
5/22/2021 14:30,0,,,
5/22/2021 14:15,0,,,
5/22/2021 14:00,0,,,
5/22/2021 13:45,0,,,
5/22/2021 13:30,0,,,
5/22/2021 13:15,0,,,
5/22/2021 13:00,0,,,
5/22/2021 12:45,0,,,
5/22/2021 12:30,0,,,
5/22/2021 12:15,0,,,
5/22/2021 12:00,0,,,
5/22/2021 11:45,0,,,
5/22/2021 11:30,0,,,
5/22/2021 11:15,0,,,
5/22/2021 11:00,0,,,
5/22/2021 10:45,0,,,
5/22/2021 10:30,0,,,
5/22/2021 10:15,0,,,
5/22/2021 10:00,0,,,
5/22/2021 9:45,0,,,
5/22/2021 9:30,0,,,
5/22/2021 9:15,0,,,
5/22/2021 9:00,0,,,
5/22/2021 8:45,0,,,
5/22/2021 8:30,0,,,
5/22/2021 8:15,0,,,
5/22/2021 8:00,0,,,
5/22/2021 7:45,0,,,
5/22/2021 7:30,0,,,
5/22/2021 7:15,0,,,
5/22/2021 7:00,0,,,
5/22/2021 6:45,0,,,
5/22/2021 6:30,0,,,
5/22/2021 6:15,0,,,
5/22/2021 6:00,0,,,
5/22/2021 5:45,0,,,
5/22/2021 5:30,0,,,
5/22/2021 5:15,0,,,
5/22/2021 5:00,0,,,
5/22/2021 4:45,0,,,
5/22/2021 4:30,0,,,
5/22/2021 4:15,0,,,
5/22/2021 4:00,0,,,
5/22/2021 3:45,0,,,
5/22/2021 3:30,0,,,
5/22/2021 3:15,0,,,
5/22/2021 3:00,0,,,
5/22/2021 2:45,0,,,
5/22/2021 2:30,0,,,
5/22/2021 2:15,0,,,
5/22/2021 2:00,0,,,
5/22/2021 1:45,0,,,
5/22/2021 1:30,0,,,
5/22/2021 1:15,0,,,
5/22/2021 1:00,0,,,
5/22/2021 0:45,0,,,
5/22/2021 0:30,0,,,
5/22/2021 0:15,0,,,
5/22/2021 0:00,0,,,
5/21/2021 23:45,0,,,
5/21/2021 23:30,0,,,
5/21/2021 23:15,0,,,
5/21/2021 23:00,0,,,
5/21/2021 22:45,0,,,
5/21/2021 22:30,0,,,
5/21/2021 22:15,0,,,
5/21/2021 22:00,0,,,
5/21/2021 21:45,0,,,
5/21/2021 21:30,0,,,
5/21/2021 21:15,0,,,
5/21/2021 21:00,0,,,
5/21/2021 20:45,0,,,
5/21/2021 20:30,0,,,
5/21/2021 20:15,0,,,
5/21/2021 20:00,0,,,
5/21/2021 19:45,0,,,
5/21/2021 19:30,0,,,
5/21/2021 19:15,0,,,
5/21/2021 19:00,0,,,
5/21/2021 18:45,0,,,
5/21/2021 18:30,0,,,
5/21/2021 18:15,0,,,
5/21/2021 18:00,0,,,
5/21/2021 17:45,0,,,
5/21/2021 17:30,0,,,
5/21/2021 17:15,0,,,
5/21/2021 17:00,0,,,
5/21/2021 16:45,0,,,
5/21/2021 16:30,0,,,
5/21/2021 16:15,0,,,
5/21/2021 16:00,0,,,
5/21/2021 15:45,0,,,
5/21/2021 15:30,0,,,
5/21/2021 15:15,0,,,
5/21/2021 15:00,0,,,
5/21/2021 14:45,0,,,
5/21/2021 14:30,0,,,
5/21/2021 14:15,0,,,
5/21/2021 14:00,0,,,
5/21/2021 13:45,0,,,
5/21/2021 13:30,0,,,
5/21/2021 13:15,0,,,
5/21/2021 13:00,0,,,
5/21/2021 12:45,0,,,
5/21/2021 12:30,0,,,
5/21/2021 12:15,0,,,
5/21/2021 12:00,0,,,
5/21/2021 11:45,0,,,
5/21/2021 11:30,0,,,
5/21/2021 11:15,0,,,
5/21/2021 11:00,0,,,
5/21/2021 10:45,0,,,
5/21/2021 10:30,0,,,
5/21/2021 10:15,0,,,
5/21/2021 10:00,0,,,
5/21/2021 9:45,0,,,
5/21/2021 9:30,0,,,
5/21/2021 9:15,0,,,
5/21/2021 9:00,0,,,
5/21/2021 8:45,0,,,
5/21/2021 8:30,0,,,
5/21/2021 8:15,0,,,
5/21/2021 8:00,0,,,
5/21/2021 7:45,0,,,
5/21/2021 7:30,0,,,
5/21/2021 7:15,0,,,
5/21/2021 7:00,0,,,
5/21/2021 6:45,0,,,
5/21/2021 6:30,0,,,
5/21/2021 6:15,0,,,
5/21/2021 6:00,0,,,
5/21/2021 5:45,0,,,
5/21/2021 5:30,0,,,
5/21/2021 5:15,0,,,
5/21/2021 5:00,0,,,
5/21/2021 4:45,0,,,
5/21/2021 4:30,0,,,
5/21/2021 4:15,0,,,
5/21/2021 4:00,0,,,
5/21/2021 3:45,0,,,
5/21/2021 3:30,0,,,
5/21/2021 3:15,0,,,
5/21/2021 3:00,0,,,
5/21/2021 2:45,0,,,
5/21/2021 2:30,0,,,
5/21/2021 2:15,0,,,
5/21/2021 2:00,0,,,
5/21/2021 1:45,0,,,
5/21/2021 1:30,0,,,
5/21/2021 1:15,0,,,
5/21/2021 1:00,0,,,
5/21/2021 0:45,0,,,
5/21/2021 0:30,0,,,
5/21/2021 0:15,0,,,
5/21/2021 0:00,0,,,
5/20/2021 23:45,0,,,
5/20/2021 23:30,0,,,
5/20/2021 23:15,0,,,
5/20/2021 23:00,0,,,
5/20/2021 22:45,0,,,
5/20/2021 22:30,0,,,
5/20/2021 22:15,0,,,
5/20/2021 22:00,0,,,
5/20/2021 21:45,0,,,
5/20/2021 21:30,0,,,
5/20/2021 21:15,0,,,
5/20/2021 21:00,0,,,
5/20/2021 20:45,0,,,
5/20/2021 20:30,0,,,
5/20/2021 20:15,0,,,
5/20/2021 20:00,0,,,
5/20/2021 19:45,0,,,
5/20/2021 19:30,0,,,
5/20/2021 19:15,0,,,
5/20/2021 19:00,0,,,
5/20/2021 18:45,0,,,
5/20/2021 18:30,0,,,
5/20/2021 18:15,0,,,
5/20/2021 18:00,0,,,
5/20/2021 17:45,0,,,
5/20/2021 17:30,0,,,
5/20/2021 17:15,0,,,
5/20/2021 17:00,0,,,
5/20/2021 16:45,0,,,
5/20/2021 16:30,0,,,
5/20/2021 16:15,0,,,
5/20/2021 16:00,0,,,
5/20/2021 15:45,0,,,
5/20/2021 15:30,0,,,
5/20/2021 15:15,0,,,
5/20/2021 15:00,0,,,
5/20/2021 14:45,0,,,
5/20/2021 14:30,0,,,
5/20/2021 14:15,0,,,
5/20/2021 14:00,0,,,
5/20/2021 13:45,0,,,
5/20/2021 13:30,0,,,
5/20/2021 13:15,0,,,
5/20/2021 13:00,0,,,
5/20/2021 12:45,0,,,
5/20/2021 12:30,0,,,
5/20/2021 12:15,0,,,
5/20/2021 12:00,0,,,
5/20/2021 11:45,0,,,
5/20/2021 11:30,0,,,
5/20/2021 11:15,0,,,
5/20/2021 11:00,0,,,
5/20/2021 10:45,0,,,
5/20/2021 10:30,0,,,
5/20/2021 10:15,0,,,
5/20/2021 10:00,0,,,
5/20/2021 9:45,0,,,
5/20/2021 9:30,0,,,
5/20/2021 9:15,0,,,
5/20/2021 9:00,0,,,
5/20/2021 8:45,0,,,
5/20/2021 8:30,0,,,
5/20/2021 8:15,0,,,
5/20/2021 8:00,0,,,
5/20/2021 7:45,0,,,
5/20/2021 7:30,0,,,
5/20/2021 7:15,0,,,
5/20/2021 7:00,0,,,
5/20/2021 6:45,0,,,
5/20/2021 6:30,0,,,
5/20/2021 6:15,0,,,
5/20/2021 6:00,0,,,
5/20/2021 5:45,0,,,
5/20/2021 5:30,0,,,
5/20/2021 5:15,0,,,
5/20/2021 5:00,0,,,
5/20/2021 4:45,0,,,
5/20/2021 4:30,0,,,
5/20/2021 4:15,0,,,
5/20/2021 4:00,0,,,
5/20/2021 3:45,0,,,
5/20/2021 3:30,0,,,
5/20/2021 3:15,0,,,
5/20/2021 3:00,0,,,
5/20/2021 2:45,0,,,
5/20/2021 2:30,0,,,
5/20/2021 2:15,0,,,
5/20/2021 2:00,0,,,
5/20/2021 1:45,0,,,
5/20/2021 1:30,0,,,
5/20/2021 1:15,0,,,
5/20/2021 1:00,0,,,
5/20/2021 0:45,0,,,
5/20/2021 0:30,0,,,
5/20/2021 0:15,0,,,
5/20/2021 0:00,0,,,
5/19/2021 23:45,0,,,
5/19/2021 23:30,0,,,
5/19/2021 23:15,0,,,
5/19/2021 23:00,0,,,
5/19/2021 22:45,0,,,
5/19/2021 22:30,0,,,
5/19/2021 22:15,0,,,
5/19/2021 22:00,0,,,
5/19/2021 21:45,0,,,
5/19/2021 21:30,0,,,
5/19/2021 21:15,0,,,
5/19/2021 21:00,0,,,
5/19/2021 20:45,0,,,
5/19/2021 20:30,0,,,
5/19/2021 20:15,0,,,
5/19/2021 20:00,0,,,
5/19/2021 19:45,0,,,
5/19/2021 19:30,0,,,
5/19/2021 19:15,0,,,
5/19/2021 19:00,0,,,
5/19/2021 18:45,0,,,
5/19/2021 18:30,0,,,
5/19/2021 18:15,0,,,
5/19/2021 18:00,0,,,
5/19/2021 17:45,0,,,
5/19/2021 17:30,0,,,
5/19/2021 17:15,0,,,
5/19/2021 17:00,0,,,
5/19/2021 16:45,0,,,
5/19/2021 16:30,0,,,
5/19/2021 16:15,0,,,
5/19/2021 16:00,0,,,
5/19/2021 15:45,0,,,
5/19/2021 15:30,0,,,
5/19/2021 15:15,0,,,
5/19/2021 15:00,0,,,
5/19/2021 14:45,0,,,
5/19/2021 14:30,0,,,
5/19/2021 14:15,0,,,
5/19/2021 14:00,0,,,
5/19/2021 13:45,0,,,
5/19/2021 13:30,0,,,
5/19/2021 13:15,0,,,
5/19/2021 13:00,0,,,
5/19/2021 12:45,0,,,
5/19/2021 12:30,0,,,
5/19/2021 12:15,0,,,
5/19/2021 12:00,0,,,
5/19/2021 11:45,0,,,
5/19/2021 11:30,0,,,
5/19/2021 11:15,0,,,
5/19/2021 11:00,0,,,
5/19/2021 10:45,0,,,
5/19/2021 10:30,0,,,
5/19/2021 10:15,0,,,
5/19/2021 10:00,0,,,
5/19/2021 9:45,0,,,
5/19/2021 9:30,0,,,
5/19/2021 9:15,0,,,
5/19/2021 9:00,0,,,
5/19/2021 8:45,0,,,
5/19/2021 8:30,0,,,
5/19/2021 8:15,0,,,
5/19/2021 8:00,0,,,
5/19/2021 7:45,0,,,
5/19/2021 7:30,0,,,
5/19/2021 7:15,0,,,
5/19/2021 7:00,0,,,
5/19/2021 6:45,0,,,
5/19/2021 6:30,0,,,
5/19/2021 6:15,0,,,
5/19/2021 6:00,0,,,
5/19/2021 5:45,0,,,
5/19/2021 5:30,0,,,
5/19/2021 5:15,0,,,
5/19/2021 5:00,0,,,
5/19/2021 4:45,0,,,
5/19/2021 4:30,0,,,
5/19/2021 4:15,0,,,
5/19/2021 4:00,0,,,
5/19/2021 3:45,0,,,
5/19/2021 3:30,0,,,
5/19/2021 3:15,0,,,
5/19/2021 3:00,0,,,
5/19/2021 2:45,0,,,
5/19/2021 2:30,0,,,
5/19/2021 2:15,0,,,
5/19/2021 2:00,0,,,
5/19/2021 1:45,0,,,
5/19/2021 1:30,0,,,
5/19/2021 1:15,0,,,
5/19/2021 1:00,0,,,
5/19/2021 0:45,0,,,
5/19/2021 0:30,0,,,
5/19/2021 0:15,0,,,
5/19/2021 0:00,0,,,
5/18/2021 23:45,0,,,
5/18/2021 23:30,0,,,
5/18/2021 23:15,0,,,
5/18/2021 23:00,0,,,
5/18/2021 22:45,0,,,
5/18/2021 22:30,0,,,
5/18/2021 22:15,0,,,
5/18/2021 22:00,0,,,
5/18/2021 21:45,0,,,
5/18/2021 21:30,0,,,
5/18/2021 21:15,0,,,
5/18/2021 21:00,0,,,
5/18/2021 20:45,0,,,
5/18/2021 20:30,0,,,
5/18/2021 20:15,0,,,
5/18/2021 20:00,0,,,
5/18/2021 19:45,0,,,
5/18/2021 19:30,0,,,
5/18/2021 19:15,0,,,
5/18/2021 19:00,0,,,
5/18/2021 18:45,0,,,
5/18/2021 18:30,0,,,
5/18/2021 18:15,0,,,
5/18/2021 18:00,0,,,
5/18/2021 17:45,0,,,
5/18/2021 17:30,0,,,
5/18/2021 17:15,0,,,
5/18/2021 17:00,0,,,
5/18/2021 16:45,0,,,
5/18/2021 16:30,0,,,
5/18/2021 16:15,0,,,
5/18/2021 16:00,0,,,
5/18/2021 15:45,0,,,
5/18/2021 15:30,0,,,
5/18/2021 15:15,0,,,
5/18/2021 15:00,0,,,
5/18/2021 14:45,0,,,
5/18/2021 14:30,0,,,
5/18/2021 14:15,0,,,
5/18/2021 14:00,0,,,
5/18/2021 13:45,0,,,
5/18/2021 13:30,0,,,
5/18/2021 13:15,0,,,
5/18/2021 13:00,0,,,
5/18/2021 12:45,0,,,
5/18/2021 12:30,0,,,
5/18/2021 12:15,0,,,
5/18/2021 12:00,0,,,
5/18/2021 11:45,0,,,
5/18/2021 11:30,0,,,
5/18/2021 11:15,0,,,
5/18/2021 11:00,0,,,
5/18/2021 10:45,0,,,
5/18/2021 10:30,0,,,
5/18/2021 10:15,0,,,
5/18/2021 10:00,0,,,
5/18/2021 9:45,0,,,
5/18/2021 9:30,0,,,
5/18/2021 9:15,0,,,
5/18/2021 9:00,0,,,
5/18/2021 8:45,0,,,
5/18/2021 8:30,0,,,
5/18/2021 8:15,0,,,
5/18/2021 8:00,0,,,
5/18/2021 7:45,0,,,
5/18/2021 7:30,0,,,
5/18/2021 7:15,0,,,
5/18/2021 7:00,0,,,
5/18/2021 6:45,0,,,
5/18/2021 6:30,0,,,
5/18/2021 6:15,0,,,
5/18/2021 6:00,0,,,
5/18/2021 5:45,0,,,
5/18/2021 5:30,0,,,
5/18/2021 5:15,0,,,
5/18/2021 5:00,0,,,
5/18/2021 4:45,0,,,
5/18/2021 4:30,0,,,
5/18/2021 4:15,0,,,
5/18/2021 4:00,0,,,
5/18/2021 3:45,0,,,
5/18/2021 3:30,0,,,
5/18/2021 3:15,0,,,
5/18/2021 3:00,0,,,
5/18/2021 2:45,0,,,
5/18/2021 2:30,0,,,
5/18/2021 2:15,0,,,
5/18/2021 2:00,0,,,
5/18/2021 1:45,0,,,
5/18/2021 1:30,0,,,
5/18/2021 1:15,0,,,
5/18/2021 1:00,0,,,
5/18/2021 0:45,0,,,
5/18/2021 0:30,0,,,
5/18/2021 0:15,0,,,
5/18/2021 0:00,0,,,
5/17/2021 23:45,0,,,
5/17/2021 23:30,0,,,
5/17/2021 23:15,0,,,
5/17/2021 23:00,0,,,
5/17/2021 22:45,0,,,
5/17/2021 22:30,0,,,
5/17/2021 22:15,0,,,
5/17/2021 22:00,0,,,
5/17/2021 21:45,0,,,
5/17/2021 21:30,0,,,
5/17/2021 21:15,0,,,
5/17/2021 21:00,0,,,
5/17/2021 20:45,0,,,
5/17/2021 20:30,0,,,
5/17/2021 20:15,0,,,
5/17/2021 20:00,0,,,
5/17/2021 19:45,0,,,
5/17/2021 19:30,0,,,
5/17/2021 19:15,0,,,
5/17/2021 19:00,0,,,
5/17/2021 18:45,0,,,
5/17/2021 18:30,0,,,
5/17/2021 18:15,0,,,
5/17/2021 18:00,0,,,
5/17/2021 17:45,0,,,
5/17/2021 17:30,0,,,
5/17/2021 17:15,0,,,
5/17/2021 17:00,0,,,
5/17/2021 16:45,0,,,
5/17/2021 16:30,0,,,
5/17/2021 16:15,0,,,
5/17/2021 16:00,0,,,
5/17/2021 15:45,0,,,
5/17/2021 15:30,0,,,
5/17/2021 15:15,0,,,
5/17/2021 15:00,0,,,
5/17/2021 14:45,0,,,
5/17/2021 14:30,0,,,
5/17/2021 14:15,0,,,
5/17/2021 14:00,0,,,
5/17/2021 13:45,0,,,
5/17/2021 13:30,0,,,
5/17/2021 13:15,0,,,
5/17/2021 13:00,0,,,
5/17/2021 12:45,0,,,
5/17/2021 12:30,0,,,
5/17/2021 12:15,0,,,
5/17/2021 12:00,0,,,
5/17/2021 11:45,0,,,
5/17/2021 11:30,0,,,
5/17/2021 11:15,0,,,
5/17/2021 11:00,0,,,
5/17/2021 10:45,0,,,
5/17/2021 10:30,0,,,
5/17/2021 10:15,0,,,
5/17/2021 10:00,0,,,
5/17/2021 9:45,0,,,
5/17/2021 9:30,0,,,
5/17/2021 9:15,0,,,
5/17/2021 9:00,0,,,
5/17/2021 8:45,0,,,
5/17/2021 8:30,0,,,
5/17/2021 8:15,0,,,
5/17/2021 8:00,0,,,
5/17/2021 7:45,0,,,
5/17/2021 7:30,0,,,
5/17/2021 7:15,0,,,
5/17/2021 7:00,0,,,
5/17/2021 6:45,0,,,
5/17/2021 6:30,0,,,
5/17/2021 6:15,0,,,
5/17/2021 6:00,0,,,
5/17/2021 5:45,0,,,
5/17/2021 5:30,0,,,
5/17/2021 5:15,0,,,
5/17/2021 5:00,0,,,
5/17/2021 4:45,0,,,
5/17/2021 4:30,0,,,
5/17/2021 4:15,0,,,
5/17/2021 4:00,0,,,
5/17/2021 3:45,0,,,
5/17/2021 3:30,0,,,
5/17/2021 3:15,0,,,
5/17/2021 3:00,0,,,
5/17/2021 2:45,0,,,
5/17/2021 2:30,0,,,
5/17/2021 2:15,0,,,
5/17/2021 2:00,0,,,
5/17/2021 1:45,0,,,
5/17/2021 1:30,0,,,
5/17/2021 1:15,0,,,
5/17/2021 1:00,0,,,
5/17/2021 0:45,0,,,
5/17/2021 0:30,0,,,
5/17/2021 0:15,0,,,
5/17/2021 0:00,0,,,
5/16/2021 23:45,0,,,
5/16/2021 23:30,0,,,
5/16/2021 23:15,0,,,
5/16/2021 23:00,0,,,
5/16/2021 22:45,0,,,
5/16/2021 22:30,0,,,
5/16/2021 22:15,0,,,
5/16/2021 22:00,0,,,
5/16/2021 21:45,0,,,
5/16/2021 21:30,0,,,
5/16/2021 21:15,0,,,
5/16/2021 21:00,0,,,
5/16/2021 20:45,0,,,
5/16/2021 20:30,0,,,
5/16/2021 20:15,0,,,
5/16/2021 20:00,0,,,
5/16/2021 19:45,0,,,
5/16/2021 19:30,0,,,
5/16/2021 19:15,0,,,
5/16/2021 19:00,0,,,
5/16/2021 18:45,0,,,
5/16/2021 18:30,0,,,
5/16/2021 18:15,0,,,
5/16/2021 18:00,0,,,
5/16/2021 17:45,0,,,
5/16/2021 17:30,0,,,
5/16/2021 17:15,0,,,
5/16/2021 17:00,0,,,
5/16/2021 16:45,0,,,
5/16/2021 16:30,0,,,
5/16/2021 16:15,0,,,
5/16/2021 16:00,0,,,
5/16/2021 15:45,0,,,
5/16/2021 15:30,0,,,
5/16/2021 15:15,0,,,
5/16/2021 15:00,0,,,
5/16/2021 14:45,0,,,
5/16/2021 14:30,0,,,
5/16/2021 14:15,0,,,
5/16/2021 14:00,0,,,
5/16/2021 13:45,0,,,
5/16/2021 13:30,0,,,
5/16/2021 13:15,0,,,
5/16/2021 13:00,0,,,
5/16/2021 12:45,0,,,
5/16/2021 12:30,0,,,
5/16/2021 12:15,0,,,
5/16/2021 12:00,0,,,
5/16/2021 11:45,0,,,
5/16/2021 11:30,0,,,
5/16/2021 11:15,0,,,
5/16/2021 11:00,0,,,
5/16/2021 10:45,0,,,
5/16/2021 10:30,0,,,
5/16/2021 10:15,0,,,
5/16/2021 10:00,0,,,
5/16/2021 9:45,0,,,
5/16/2021 9:30,0,,,
5/16/2021 9:15,0,,,
5/16/2021 9:00,0,,,
5/16/2021 8:45,0,,,
5/16/2021 8:30,0,,,
5/16/2021 8:15,0,,,
5/16/2021 8:00,0,,,
5/16/2021 7:45,0,,,
5/16/2021 7:30,0,,,
5/16/2021 7:15,0,,,
5/16/2021 7:00,0,,,
5/16/2021 6:45,0,,,
5/16/2021 6:30,0,,,
5/16/2021 6:15,0,,,
5/16/2021 6:00,0,,,
5/16/2021 5:45,0,,,
5/16/2021 5:30,0,,,
5/16/2021 5:15,0,,,
5/16/2021 5:00,0,,,
5/16/2021 4:45,0,,,
5/16/2021 4:30,0,,,
5/16/2021 4:15,0,,,
5/16/2021 4:00,0,,,
5/16/2021 3:45,0,,,
5/16/2021 3:30,0,,,
5/16/2021 3:15,0,,,
5/16/2021 3:00,0,,,
5/16/2021 2:45,0,,,
5/16/2021 2:30,0,,,
5/16/2021 2:15,0,,,
5/16/2021 2:00,0,,,
5/16/2021 1:45,0,,,
5/16/2021 1:30,0,,,
5/16/2021 1:15,0,,,
5/16/2021 1:00,0,,,
5/16/2021 0:45,0,,,
5/16/2021 0:30,0,,,
5/16/2021 0:15,0,,,
5/16/2021 0:00,0,,,
5/15/2021 23:45,0,,,
5/15/2021 23:30,0,,,
5/15/2021 23:15,0,,,
5/15/2021 23:00,0,,,
5/15/2021 22:45,0,,,
5/15/2021 22:30,0,,,
5/15/2021 22:15,0,,,
5/15/2021 22:00,0,,,
5/15/2021 21:45,0,,,
5/15/2021 21:30,0,,,
5/15/2021 21:15,0,,,
5/15/2021 21:00,0,,,
5/15/2021 20:45,0,,,
5/15/2021 20:30,0,,,
5/15/2021 20:15,0,,,
5/15/2021 20:00,0,,,
5/15/2021 19:45,0,,,
5/15/2021 19:30,0,,,
5/15/2021 19:15,0,,,
5/15/2021 19:00,0,,,
5/15/2021 18:45,0,,,
5/15/2021 18:30,0,,,
5/15/2021 18:15,0,,,
5/15/2021 18:00,0,,,
5/15/2021 17:45,0,,,
5/15/2021 17:30,0,,,
5/15/2021 17:15,0,,,
5/15/2021 17:00,0,,,
5/15/2021 16:45,0,,,
5/15/2021 16:30,0,,,
5/15/2021 16:15,0,,,
5/15/2021 16:00,0,,,
5/15/2021 15:45,0,,,
5/15/2021 15:30,0,,,
5/15/2021 15:15,0,,,
5/15/2021 15:00,0,,,
5/15/2021 14:45,0,,,
5/15/2021 14:30,0,,,
5/15/2021 14:15,0,,,
5/15/2021 14:00,0,,,
5/15/2021 13:45,0,,,
5/15/2021 13:30,0,,,
5/15/2021 13:15,0,,,
5/15/2021 13:00,0,,,
5/15/2021 12:45,0,,,
5/15/2021 12:30,0,,,
5/15/2021 12:15,0,,,
5/15/2021 12:00,0,,,
5/15/2021 11:45,0,,,
5/15/2021 11:30,0,,,
5/15/2021 11:15,0,,,
5/15/2021 11:00,0,,,
5/15/2021 10:45,0,,,
5/15/2021 10:30,0,,,
5/15/2021 10:15,0,,,
5/15/2021 10:00,0,,,
5/15/2021 9:45,0,,,
5/15/2021 9:30,0,,,
5/15/2021 9:15,0,,,
5/15/2021 9:00,0,,,
5/15/2021 8:45,0,,,
5/15/2021 8:30,0,,,
5/15/2021 8:15,0,,,
5/15/2021 8:00,0,,,
5/15/2021 7:45,0,,,
5/15/2021 7:30,0,,,
5/15/2021 7:15,0,,,
5/15/2021 7:00,0,,,
5/15/2021 6:45,0,,,
5/15/2021 6:30,0,,,
5/15/2021 6:15,0,,,
5/15/2021 6:00,0,,,
5/15/2021 5:45,0,,,
5/15/2021 5:30,0,,,
5/15/2021 5:15,0,,,
5/15/2021 5:00,0,,,
5/15/2021 4:45,0,,,
5/15/2021 4:30,0,,,
5/15/2021 4:15,0,,,
5/15/2021 4:00,0,,,
5/15/2021 3:45,0,,,
5/15/2021 3:30,0,,,
5/15/2021 3:15,0,,,
5/15/2021 3:00,0,,,
5/15/2021 2:45,0,,,
5/15/2021 2:30,0,,,
5/15/2021 2:15,0,,,
5/15/2021 2:00,0,,,
5/15/2021 1:45,0,,,
5/15/2021 1:30,0,,,
5/15/2021 1:15,0,,,
5/15/2021 1:00,0,,,
5/15/2021 0:45,0,,,
5/15/2021 0:30,0,,,
5/15/2021 0:15,0,,,
5/15/2021 0:00,0,,,
5/14/2021 23:45,0,,,
5/14/2021 23:30,0,,,
5/14/2021 23:15,0,,,
5/14/2021 23:00,0,,,
5/14/2021 22:45,0,,,
5/14/2021 22:30,0,,,
5/14/2021 22:15,0,,,
5/14/2021 22:00,0,,,
5/14/2021 21:45,0,,,
5/14/2021 21:30,0,,,
5/14/2021 21:15,0,,,
5/14/2021 21:00,0,,,
5/14/2021 20:45,0,,,
5/14/2021 20:30,0,,,
5/14/2021 20:15,0,,,
5/14/2021 20:00,0,,,
5/14/2021 19:45,0,,,
5/14/2021 19:30,0,,,
5/14/2021 19:15,0,,,
5/14/2021 19:00,0,,,
5/14/2021 18:45,0,,,
5/14/2021 18:30,0,,,
5/14/2021 18:15,0,,,
5/14/2021 18:00,0,,,
5/14/2021 17:45,0,,,
5/14/2021 17:30,0,,,
5/14/2021 17:15,0,,,
5/14/2021 17:00,0,,,
5/14/2021 16:45,0,,,
5/14/2021 16:30,0,,,
5/14/2021 16:15,0,,,
5/14/2021 16:00,0,,,
5/14/2021 15:45,0,,,
5/14/2021 15:30,0,,,
5/14/2021 15:15,0,,,
5/14/2021 15:00,0,,,
5/14/2021 14:45,0,,,
5/14/2021 14:30,0,,,
5/14/2021 14:15,0,,,
5/14/2021 14:00,0,,,
5/14/2021 13:45,0,,,
5/14/2021 13:30,0,,,
5/14/2021 13:15,0,,,
5/14/2021 13:00,0,,,
5/14/2021 12:45,0,,,
5/14/2021 12:30,0,,,
5/14/2021 12:15,0,,,
5/14/2021 12:00,0,,,
5/14/2021 11:45,0,,,
5/14/2021 11:30,0,,,
5/14/2021 11:15,0,,,
5/14/2021 11:00,0,,,
5/14/2021 10:45,0,,,
5/14/2021 10:30,0,,,
5/14/2021 10:15,0,,,
5/14/2021 10:00,0,,,
5/14/2021 9:45,0,,,
5/14/2021 9:30,0,,,
5/14/2021 9:15,0,,,
5/14/2021 9:00,0,,,
5/14/2021 8:45,0,,,
5/14/2021 8:30,0,,,
5/14/2021 8:15,0,,,
5/14/2021 8:00,0,,,
5/14/2021 7:45,0,,,
5/14/2021 7:30,0,,,
5/14/2021 7:15,0,,,
5/14/2021 7:00,0,,,
5/14/2021 6:45,0,,,
5/14/2021 6:30,0,,,
5/14/2021 6:15,0,,,
5/14/2021 6:00,0,,,
5/14/2021 5:45,0,,,
5/14/2021 5:30,0,,,
5/14/2021 5:15,0,,,
5/14/2021 5:00,0,,,
5/14/2021 4:45,0,,,
5/14/2021 4:30,0,,,
5/14/2021 4:15,0,,,
5/14/2021 4:00,0,,,
5/14/2021 3:45,0,,,
5/14/2021 3:30,0,,,
5/14/2021 3:15,0,,,
5/14/2021 3:00,0,,,
5/14/2021 2:45,0,,,
5/14/2021 2:30,0,,,
5/14/2021 2:15,0,,,
5/14/2021 2:00,0,,,
5/14/2021 1:45,0,,,
5/14/2021 1:30,0,,,
5/14/2021 1:15,0,,,
5/14/2021 1:00,0,,,
5/14/2021 0:45,0,,,
5/14/2021 0:30,0,,,
5/14/2021 0:15,0,,,
5/14/2021 0:00,0,,,
5/13/2021 23:45,0,,,
5/13/2021 23:30,0,,,
5/13/2021 23:15,0,,,
5/13/2021 23:00,0,,,
5/13/2021 22:45,0,,,
5/13/2021 22:30,0,,,
5/13/2021 22:15,0,,,
5/13/2021 22:00,0,,,
5/13/2021 21:45,0,,,
5/13/2021 21:30,0,,,
5/13/2021 21:15,0,,,
5/13/2021 21:00,0,,,
5/13/2021 20:45,0,,,
5/13/2021 20:30,0,,,
5/13/2021 20:15,0,,,
5/13/2021 20:00,0,,,
5/13/2021 19:45,0,,,
5/13/2021 19:30,0,,,
5/13/2021 19:15,0,,,
5/13/2021 19:00,0,,,
5/13/2021 18:45,0,,,
5/13/2021 18:30,0,,,
5/13/2021 18:15,0,,,
5/13/2021 18:00,0,,,
5/13/2021 17:45,0,,,
5/13/2021 17:30,0,,,
5/13/2021 17:15,0,,,
5/13/2021 17:00,0,,,
5/13/2021 16:45,0,,,
5/13/2021 16:30,0,,,
5/13/2021 16:15,0,,,
5/13/2021 16:00,0,,,
5/13/2021 15:45,0,,,
5/13/2021 15:30,0,,,
5/13/2021 15:15,0,,,
5/13/2021 15:00,0,,,
5/13/2021 14:45,0,,,
5/13/2021 14:30,0,,,
5/13/2021 14:15,0,,,
5/13/2021 14:00,0,,,
5/13/2021 13:45,0,,,
5/13/2021 13:30,0,,,
5/13/2021 13:15,0,,,
5/13/2021 13:00,0,,,
5/13/2021 12:45,0,,,
5/13/2021 12:30,0,,,
5/13/2021 12:15,0,,,
5/13/2021 12:00,0,,,
5/13/2021 11:45,0,,,
5/13/2021 11:30,0,,,
5/13/2021 11:15,0,,,
5/13/2021 11:00,0,,,
5/13/2021 10:45,0,,,
5/13/2021 10:30,0,,,
5/13/2021 10:15,0,,,
5/13/2021 10:00,0,,,
5/13/2021 9:45,0,,,
5/13/2021 9:30,0,,,
5/13/2021 9:15,0,,,
5/13/2021 9:00,0,,,
5/13/2021 8:45,0,,,
5/13/2021 8:30,0,,,
5/13/2021 8:15,0,,,
5/13/2021 8:00,0,,,
5/13/2021 7:45,0,,,
5/13/2021 7:30,0,,,
5/13/2021 7:15,0,,,
5/13/2021 7:00,0,,,
5/13/2021 6:45,0,,,
5/13/2021 6:30,0,,,
5/13/2021 6:15,0,,,
5/13/2021 6:00,0,,,
5/13/2021 5:45,0,,,
5/13/2021 5:30,0,,,
5/13/2021 5:15,0,,,
5/13/2021 5:00,0,,,
5/13/2021 4:45,0,,,
5/13/2021 4:30,0,,,
5/13/2021 4:15,0,,,
5/13/2021 4:00,0,,,
5/13/2021 3:45,0,,,
5/13/2021 3:30,0,,,
5/13/2021 3:15,0,,,
5/13/2021 3:00,0,,,
5/13/2021 2:45,0,,,
5/13/2021 2:30,0,,,
5/13/2021 2:15,0,,,
5/13/2021 2:00,0,,,
5/13/2021 1:45,0,,,
5/13/2021 1:30,0,,,
5/13/2021 1:15,0,,,
5/13/2021 1:00,0,,,
5/13/2021 0:45,0,,,
5/13/2021 0:30,0,,,
5/13/2021 0:15,0,,,
5/13/2021 0:00,0,,,
5/12/2021 23:45,0,,,
5/12/2021 23:30,0,,,
5/12/2021 23:15,0,,,
5/12/2021 23:00,0,,,
5/12/2021 22:45,0,,,
5/12/2021 22:30,0,,,
5/12/2021 22:15,0,,,
5/12/2021 22:00,0,,,
5/12/2021 21:45,0,,,
5/12/2021 21:30,0,,,
5/12/2021 21:15,0,,,
5/12/2021 21:00,0,,,
5/12/2021 20:45,0,,,
5/12/2021 20:30,0,,,
5/12/2021 20:15,0,,,
5/12/2021 20:00,0,,,
5/12/2021 19:45,0,,,
5/12/2021 19:30,0,,,
5/12/2021 19:15,0,,,
5/12/2021 19:00,0,,,
5/12/2021 18:45,0,,,
5/12/2021 18:30,0,,,
5/12/2021 18:15,0,,,
5/12/2021 18:00,0,,,
5/12/2021 17:45,0,,,
5/12/2021 17:30,0,,,
5/12/2021 17:15,0,,,
5/12/2021 17:00,0,,,
5/12/2021 16:45,0,,,
5/12/2021 16:30,0,,,
5/12/2021 16:15,0,,,
5/12/2021 16:00,0,,,
5/12/2021 15:45,0,,,
5/12/2021 15:30,0,,,
5/12/2021 15:15,0,,,
5/12/2021 15:00,0,,,
5/12/2021 14:45,0,,,
5/12/2021 14:30,0,,,
5/12/2021 14:15,0,,,
5/12/2021 14:00,0,,,
5/12/2021 13:45,0,,,
5/12/2021 13:30,0,,,
5/12/2021 13:15,0,,,
5/12/2021 13:00,0,,,
5/12/2021 12:45,0,,,
5/12/2021 12:30,0,,,
5/12/2021 12:15,0,,,
5/12/2021 12:00,0,,,
5/12/2021 11:45,0,,,
5/12/2021 11:30,0,,,
5/12/2021 11:15,0,,,
5/12/2021 11:00,0,,,
5/12/2021 10:45,0,,,
5/12/2021 10:30,0,,,
5/12/2021 10:15,0,,,
5/12/2021 10:00,0,,,
5/12/2021 9:45,0,,,
5/12/2021 9:30,0,,,
5/12/2021 9:15,0,,,
5/12/2021 9:00,0,,,
5/12/2021 8:45,0,,,
5/12/2021 8:30,0,,,
5/12/2021 8:15,0,,,
5/12/2021 8:00,0,,,
5/12/2021 7:45,0,,,
5/12/2021 7:30,0,,,
5/12/2021 7:15,0,,,
5/12/2021 7:00,0,,,
5/12/2021 6:45,0,,,
5/12/2021 6:30,0,,,
5/12/2021 6:15,0,,,
5/12/2021 6:00,0,,,
5/12/2021 5:45,0,,,
5/12/2021 5:30,0,,,
5/12/2021 5:15,0,,,
5/12/2021 5:00,0,,,
5/12/2021 4:45,0,,,
5/12/2021 4:30,0,,,
5/12/2021 4:15,0,,,
5/12/2021 4:00,0,,,
5/12/2021 3:45,0,,,
5/12/2021 3:30,0,,,
5/12/2021 3:15,0,,,
5/12/2021 3:00,0,,,
5/12/2021 2:45,0,,,
5/12/2021 2:30,0,,,
5/12/2021 2:15,0,,,
5/12/2021 2:00,0,,,
5/12/2021 1:45,0,,,
5/12/2021 1:30,0,,,
5/12/2021 1:15,0,,,
5/12/2021 1:00,0,,,
5/12/2021 0:45,0,,,
5/12/2021 0:30,0,,,
5/12/2021 0:15,0,,,
5/12/2021 0:00,0,,,
5/11/2021 23:45,0,,,
5/11/2021 23:30,0,,,
5/11/2021 23:15,0,,,
5/11/2021 23:00,0,,,
5/11/2021 22:45,0,,,
5/11/2021 22:30,0,,,
5/11/2021 22:15,0,,,
5/11/2021 22:00,0,,,
5/11/2021 21:45,0,,,
5/11/2021 21:30,0,,,
5/11/2021 21:15,0,,,
5/11/2021 21:00,0,,,
5/11/2021 20:45,0,,,
5/11/2021 20:30,0,,,
5/11/2021 20:15,0,,,
5/11/2021 20:00,0,,,
5/11/2021 19:45,0,,,
5/11/2021 19:30,0,,,
5/11/2021 19:15,0,,,
5/11/2021 19:00,0,,,
5/11/2021 18:45,0,,,
5/11/2021 18:30,0,,,
5/11/2021 18:15,0,,,
5/11/2021 18:00,0,,,
5/11/2021 17:45,0,,,
5/11/2021 17:30,0,,,
5/11/2021 17:15,0,,,
5/11/2021 17:00,0,,,
5/11/2021 16:45,0,,,
5/11/2021 16:30,0,,,
5/11/2021 16:15,0,,,
5/11/2021 16:00,0,,,
5/11/2021 15:45,0,,,
5/11/2021 15:30,0,,,
5/11/2021 15:15,0,,,
5/11/2021 15:00,0,,,
5/11/2021 14:45,0,,,
5/11/2021 14:30,0,,,
5/11/2021 14:15,0,,,
5/11/2021 14:00,0,,,
5/11/2021 13:45,0,,,
5/11/2021 13:30,0,,,
5/11/2021 13:15,0,,,
5/11/2021 13:00,0,,,
5/11/2021 12:45,0,,,
5/11/2021 12:30,0,,,
5/11/2021 12:15,0,,,
5/11/2021 12:00,0,,,
5/11/2021 11:45,0,,,
5/11/2021 11:30,0,,,
5/11/2021 11:15,0,,,
5/11/2021 11:00,0,,,
5/11/2021 10:45,0,,,
5/11/2021 10:30,0,,,
5/11/2021 10:15,0,,,
5/11/2021 10:00,0,,,
5/11/2021 9:45,0,,,
5/11/2021 9:30,0,,,
5/11/2021 9:15,0,,,
5/11/2021 9:00,0,,,
5/11/2021 8:45,0,,,
5/11/2021 8:30,0,,,
5/11/2021 8:15,0,,,
5/11/2021 8:00,0,,,
5/11/2021 7:45,0,,,
5/11/2021 7:30,0,,,
5/11/2021 7:15,0,,,
5/11/2021 7:00,0,,,
5/11/2021 6:45,0,,,
5/11/2021 6:30,0,,,
5/11/2021 6:15,0,,,
5/11/2021 6:00,0,,,
5/11/2021 5:45,0,,,
5/11/2021 5:30,0,,,
5/11/2021 5:15,0,,,
5/11/2021 5:00,0,,,
5/11/2021 4:45,0,,,
5/11/2021 4:30,0,,,
5/11/2021 4:15,0,,,
5/11/2021 4:00,0,,,
5/11/2021 3:45,0,,,
5/11/2021 3:30,0,,,
5/11/2021 3:15,0,,,
5/11/2021 3:00,0,,,
5/11/2021 2:45,0,,,
5/11/2021 2:30,0,,,
5/11/2021 2:15,0,,,
5/11/2021 2:00,0,,,
5/11/2021 1:45,0,,,
5/11/2021 1:30,0,,,
5/11/2021 1:15,0,,,
5/11/2021 1:00,0,,,
5/11/2021 0:45,0,,,
5/11/2021 0:30,0,,,
5/11/2021 0:15,0,,,
5/11/2021 0:00,0,,,
5/10/2021 23:45,0,,,
5/10/2021 23:30,0,,,
5/10/2021 23:15,0,,,
5/10/2021 23:00,0,,,
5/10/2021 22:45,0,,,
5/10/2021 22:30,0,,,
5/10/2021 22:15,0,,,
5/10/2021 22:00,0,,,
5/10/2021 21:45,0,,,
5/10/2021 21:30,0,,,
5/10/2021 21:15,0,,,
5/10/2021 21:00,0,,,
5/10/2021 20:45,0,,,
5/10/2021 20:30,0,,,
5/10/2021 20:15,0,,,
5/10/2021 20:00,0,,,
5/10/2021 19:45,0,,,
5/10/2021 19:30,0,,,
5/10/2021 19:15,0,,,
5/10/2021 19:00,0,,,
5/10/2021 18:45,0,,,
5/10/2021 18:30,0,,,
5/10/2021 18:15,0,,,
5/10/2021 18:00,0,,,
5/10/2021 17:45,0,,,
5/10/2021 17:30,0,,,
5/10/2021 17:15,0,,,
5/10/2021 17:00,0,,,
5/10/2021 16:45,0,,,
5/10/2021 16:30,0,,,
5/10/2021 16:15,0,,,
5/10/2021 16:00,0,,,
5/10/2021 15:45,0,,,
5/10/2021 15:30,0,,,
5/10/2021 15:15,0,,,
5/10/2021 15:00,0,,,
5/10/2021 14:45,0,,,
5/10/2021 14:30,0,,,
5/10/2021 14:15,0,,,
5/10/2021 14:00,0,,,
5/10/2021 13:45,0,,,
5/10/2021 13:30,0,,,
5/10/2021 13:15,0,,,
5/10/2021 13:00,0,,,
5/10/2021 12:45,0,,,
5/10/2021 12:30,0,,,
5/10/2021 12:15,0,,,
5/10/2021 12:00,0,,,
5/10/2021 11:45,0,,,
5/10/2021 11:30,0,,,
5/10/2021 11:15,0,,,
5/10/2021 11:00,0,,,
5/10/2021 10:45,0,,,
5/10/2021 10:30,0,,,
5/10/2021 10:15,0,,,
5/10/2021 10:00,0,,,
5/10/2021 9:45,0,,,
5/10/2021 9:30,0,,,
5/10/2021 9:15,0,,,
5/10/2021 9:00,0,,,
5/10/2021 8:45,0,,,
5/10/2021 8:30,0,,,
5/10/2021 8:15,0,,,
5/10/2021 8:00,0,,,
5/10/2021 7:45,0,,,
5/10/2021 7:30,0,,,
5/10/2021 7:15,0,,,
5/10/2021 7:00,0,,,
5/10/2021 6:45,0,,,
5/10/2021 6:30,0,,,
5/10/2021 6:15,0,,,
5/10/2021 6:00,0,,,
5/10/2021 5:45,0,,,
5/10/2021 5:30,0,,,
5/10/2021 5:15,0,,,
5/10/2021 5:00,0,,,
5/10/2021 4:45,0,,,
5/10/2021 4:30,0,,,
5/10/2021 4:15,0,,,
5/10/2021 4:00,0,,,
5/10/2021 3:45,0,,,
5/10/2021 3:30,0,,,
5/10/2021 3:15,0,,,
5/10/2021 3:00,0,,,
5/10/2021 2:45,0,,,
5/10/2021 2:30,0,,,
5/10/2021 2:15,0,,,
5/10/2021 2:00,0,,,
5/10/2021 1:45,0,,,
5/10/2021 1:30,0,,,
5/10/2021 1:15,0,,,
5/10/2021 1:00,0,,,
5/10/2021 0:45,0,,,
5/10/2021 0:30,0,,,
5/10/2021 0:15,0,,,
5/10/2021 0:00,0,,,
5/9/2021 23:45,0,,,
5/9/2021 23:30,0,,,
5/9/2021 23:15,0,,,
5/9/2021 23:00,0,,,
5/9/2021 22:45,0,,,
5/9/2021 22:30,0,,,
5/9/2021 22:15,0,,,
5/9/2021 22:00,0,,,
5/9/2021 21:45,0,,,
5/9/2021 21:30,0,,,
5/9/2021 21:15,0,,,
5/9/2021 21:00,0,,,
5/9/2021 20:45,0,,,
5/9/2021 20:30,0,,,
5/9/2021 20:15,0,,,
5/9/2021 20:00,0,,,
5/9/2021 19:45,0,,,
5/9/2021 19:30,0,,,
5/9/2021 19:15,0,,,
5/9/2021 19:00,0,,,
5/9/2021 18:45,0,,,
5/9/2021 18:30,0,,,
5/9/2021 18:15,0,,,
5/9/2021 18:00,0,,,
5/9/2021 17:45,0,,,
5/9/2021 17:30,0,,,
5/9/2021 17:15,0,,,
5/9/2021 17:00,0,,,
5/9/2021 16:45,0,,,
5/9/2021 16:30,0,,,
5/9/2021 16:15,0,,,
5/9/2021 16:00,0,,,
5/9/2021 15:45,0,,,
5/9/2021 15:30,0,,,
5/9/2021 15:15,0,,,
5/9/2021 15:00,0,,,
5/9/2021 14:45,0,,,
5/9/2021 14:30,0,,,
5/9/2021 14:15,0,,,
5/9/2021 14:00,0,,,
5/9/2021 13:45,0,,,
5/9/2021 13:30,0,,,
5/9/2021 13:15,0,,,
5/9/2021 13:00,0,,,
5/9/2021 12:45,0,,,
5/9/2021 12:30,0,,,
5/9/2021 12:15,0,,,
5/9/2021 12:00,0,,,
5/9/2021 11:45,0,,,
5/9/2021 11:30,0,,,
5/9/2021 11:15,0,,,
5/9/2021 11:00,0,,,
5/9/2021 10:45,0,,,
5/9/2021 10:30,0,,,
5/9/2021 10:15,0,,,
5/9/2021 10:00,0,,,
5/9/2021 9:45,0,,,
5/9/2021 9:30,0,,,
5/9/2021 9:15,0,,,
5/9/2021 9:00,0,,,
5/9/2021 8:45,0,,,
5/9/2021 8:30,0,,,
5/9/2021 8:15,0,,,
5/9/2021 8:00,0,,,
5/9/2021 7:45,0,,,
5/9/2021 7:30,0,,,
5/9/2021 7:15,0,,,
5/9/2021 7:00,0,,,
5/9/2021 6:45,0,,,
5/9/2021 6:30,0,,,
5/9/2021 6:15,0,,,
5/9/2021 6:00,0,,,
5/9/2021 5:45,0,,,
5/9/2021 5:30,0,,,
5/9/2021 5:15,0,,,
5/9/2021 5:00,0,,,
5/9/2021 4:45,0,,,
5/9/2021 4:30,0,,,
5/9/2021 4:15,0,,,
5/9/2021 4:00,0,,,
5/9/2021 3:45,0,,,
5/9/2021 3:30,0,,,
5/9/2021 3:15,0,,,
5/9/2021 3:00,0,,,
5/9/2021 2:45,0,,,
5/9/2021 2:30,0,,,
5/9/2021 2:15,0,,,
5/9/2021 2:00,0,,,
5/9/2021 1:45,0,,,
5/9/2021 1:30,0,,,
5/9/2021 1:15,0,,,
5/9/2021 1:00,0,,,
5/9/2021 0:45,0,,,
5/9/2021 0:30,0,,,
5/9/2021 0:15,0,,,
5/9/2021 0:00,0,,,
5/8/2021 23:45,0,,,
5/8/2021 23:30,0,,,
5/8/2021 23:15,0,,,
5/8/2021 23:00,0,,,
5/8/2021 22:45,0,,,
5/8/2021 22:30,0,,,
5/8/2021 22:15,0,,,
5/8/2021 22:00,0,,,
5/8/2021 21:45,0,,,
5/8/2021 21:30,0,,,
5/8/2021 21:15,0,,,
5/8/2021 21:00,0,,,
5/8/2021 20:45,0,,,
5/8/2021 20:30,0,,,
5/8/2021 20:15,0,,,
5/8/2021 20:00,0,,,
5/8/2021 19:45,0,,,
5/8/2021 19:30,0,,,
5/8/2021 19:15,0,,,
5/8/2021 19:00,0,,,
5/8/2021 18:45,0,,,
5/8/2021 18:30,0,,,
5/8/2021 18:15,0,,,
5/8/2021 18:00,0,,,
5/8/2021 17:45,0,,,
5/8/2021 17:30,0,,,
5/8/2021 17:15,0,,,
5/8/2021 17:00,0,,,
5/8/2021 16:45,0,,,
5/8/2021 16:30,0,,,
5/8/2021 16:15,0,,,
5/8/2021 16:00,0,,,
5/8/2021 15:45,0,,,
5/8/2021 15:30,0,,,
5/8/2021 15:15,0,,,
5/8/2021 15:00,0,,,
5/8/2021 14:45,0,,,
5/8/2021 14:30,0,,,
5/8/2021 14:15,0,,,
5/8/2021 14:00,0,,,
5/8/2021 13:45,0,,,
5/8/2021 13:30,0,,,
5/8/2021 13:15,0,,,
5/8/2021 13:00,0,,,
5/8/2021 12:45,0,,,
5/8/2021 12:30,0,,,
5/8/2021 12:15,0,,,
5/8/2021 12:00,0,,,
5/8/2021 11:45,0,,,
5/8/2021 11:30,0,,,
5/8/2021 11:15,0,,,
5/8/2021 11:00,0,,,
5/8/2021 10:45,0,,,
5/8/2021 10:30,0,,,
5/8/2021 10:15,0,,,
5/8/2021 10:00,0,,,
5/8/2021 9:45,0,,,
5/8/2021 9:30,0,,,
5/8/2021 9:15,0,,,
5/8/2021 9:00,0,,,
5/8/2021 8:45,0,,,
5/8/2021 8:30,0,,,
5/8/2021 8:15,0,,,
5/8/2021 8:00,0,,,
5/8/2021 7:45,0,,,
5/8/2021 7:30,0,,,
5/8/2021 7:15,0,,,
5/8/2021 7:00,0,,,
5/8/2021 6:45,0,,,
5/8/2021 6:30,0,,,
5/8/2021 6:15,0,,,
5/8/2021 6:00,0,,,
5/8/2021 5:45,0,,,
5/8/2021 5:30,0,,,
5/8/2021 5:15,0,,,
5/8/2021 5:00,0,,,
5/8/2021 4:45,0,,,
5/8/2021 4:30,0,,,
5/8/2021 4:15,0,,,
5/8/2021 4:00,0,,,
5/8/2021 3:45,0,,,
5/8/2021 3:30,0,,,
5/8/2021 3:15,0,,,
5/8/2021 3:00,0,,,
5/8/2021 2:45,0,,,
5/8/2021 2:30,0,,,
5/8/2021 2:15,0,,,
5/8/2021 2:00,0,,,
5/8/2021 1:45,0,,,
5/8/2021 1:30,0,,,
5/8/2021 1:15,0,,,
5/8/2021 1:00,0,,,
5/8/2021 0:45,0,,,
5/8/2021 0:30,0,,,
5/8/2021 0:15,0,,,
5/8/2021 0:00,0,,,
5/7/2021 23:45,0,,,
5/7/2021 23:30,0,,,
5/7/2021 23:15,0,,,
5/7/2021 23:00,0,,,
5/7/2021 22:45,0,,,
5/7/2021 22:30,0,,,
5/7/2021 22:15,0,,,
5/7/2021 22:00,0,,,
5/7/2021 21:45,0,,,
5/7/2021 21:30,0,,,
5/7/2021 21:15,0,,,
5/7/2021 21:00,0,,,
5/7/2021 20:45,0,,,
5/7/2021 20:30,0,,,
5/7/2021 20:15,0,,,
5/7/2021 20:00,0,,,
5/7/2021 19:45,0,,,
5/7/2021 19:30,0,,,
5/7/2021 19:15,0,,,
5/7/2021 19:00,0,,,
5/7/2021 18:45,0,,,
5/7/2021 18:30,0,,,
5/7/2021 18:15,0,,,
5/7/2021 18:00,0,,,
5/7/2021 17:45,0,,,
5/7/2021 17:30,0,,,
5/7/2021 17:15,0,,,
5/7/2021 17:00,0,,,
5/7/2021 16:45,0,,,
5/7/2021 16:30,0,,,
5/7/2021 16:15,0,,,
5/7/2021 16:00,0,,,
5/7/2021 15:45,0,,,
5/7/2021 15:30,0,,,
5/7/2021 15:15,0,,,
5/7/2021 15:00,0,,,
5/7/2021 14:45,0,,,
5/7/2021 14:30,0,,,
5/7/2021 14:15,0,,,
5/7/2021 14:00,0,,,
5/7/2021 13:45,0,,,
5/7/2021 13:30,0,,,
5/7/2021 13:15,0,,,
5/7/2021 13:00,0,,,
5/7/2021 12:45,0,,,
5/7/2021 12:30,0,,,
5/7/2021 12:15,0,,,
5/7/2021 12:00,0,,,
5/7/2021 11:45,0,,,
5/7/2021 11:30,0,,,
5/7/2021 11:15,0,,,
5/7/2021 11:00,0,,,
5/7/2021 10:45,0,,,
5/7/2021 10:30,0,,,
5/7/2021 10:15,0,,,
5/7/2021 10:00,0,,,
5/7/2021 9:45,0,,,
5/7/2021 9:30,0,,,
5/7/2021 9:15,0,,,
5/7/2021 9:00,0,,,
5/7/2021 8:45,0,,,
5/7/2021 8:30,0,,,
5/7/2021 8:15,0,,,
5/7/2021 8:00,0,,,
5/7/2021 7:45,0,,,
5/7/2021 7:30,0,,,
5/7/2021 7:15,0,,,
5/7/2021 7:00,0,,,
5/7/2021 6:45,0,,,
5/7/2021 6:30,0,,,
5/7/2021 6:15,0,,,
5/7/2021 6:00,0,,,
5/7/2021 5:45,0,,,
5/7/2021 5:30,0,,,
5/7/2021 5:15,0,,,
5/7/2021 5:00,0,,,
5/7/2021 4:45,0,,,
5/7/2021 4:30,0,,,
5/7/2021 4:15,0,,,
5/7/2021 4:00,0,,,
5/7/2021 3:45,0,,,
5/7/2021 3:30,0,,,
5/7/2021 3:15,0,,,
5/7/2021 3:00,0,,,
5/7/2021 2:45,0,,,
5/7/2021 2:30,0,,,
5/7/2021 2:15,0,,,
5/7/2021 2:00,0,,,
5/7/2021 1:45,0,,,
5/7/2021 1:30,0,,,
5/7/2021 1:15,0,,,
5/7/2021 1:00,0,,,
5/7/2021 0:45,0,,,
5/7/2021 0:30,0,,,
5/7/2021 0:15,0,,,
5/7/2021 0:00,0,,,
5/6/2021 23:45,0,,,
5/6/2021 23:30,0,,,
5/6/2021 23:15,0,,,
5/6/2021 23:00,0,,,
5/6/2021 22:45,0,,,
5/6/2021 22:30,0,,,
5/6/2021 22:15,0,,,
5/6/2021 22:00,0,,,
5/6/2021 21:45,0,,,
5/6/2021 21:30,0,,,
5/6/2021 21:15,0,,,
5/6/2021 21:00,0,,,
5/6/2021 20:45,0,,,
5/6/2021 20:30,0,,,
5/6/2021 20:15,0,,,
5/6/2021 20:00,0,,,
5/6/2021 19:45,0,,,
5/6/2021 19:30,0,,,
5/6/2021 19:15,0,,,
5/6/2021 19:00,0,,,
5/6/2021 18:45,0,,,
5/6/2021 18:30,0,,,
5/6/2021 18:15,0,,,
5/6/2021 18:00,0,,,
5/6/2021 17:45,0,,,
5/6/2021 17:30,0,,,
5/6/2021 17:15,0,,,
5/6/2021 17:00,0,,,
5/6/2021 16:45,0,,,
5/6/2021 16:30,0,,,
5/6/2021 16:15,0,,,
5/6/2021 16:00,0,,,
5/6/2021 15:45,0,,,
5/6/2021 15:30,0,,,
5/6/2021 15:15,0,,,
5/6/2021 15:00,0,,,
5/6/2021 14:45,0,,,
5/6/2021 14:30,0,,,
5/6/2021 14:15,0,,,
5/6/2021 14:00,0,,,
5/6/2021 13:45,0,,,
5/6/2021 13:30,0,,,
5/6/2021 13:15,0,,,
5/6/2021 13:00,0,,,
5/6/2021 12:45,0,,,
5/6/2021 12:30,0,,,
5/6/2021 12:15,0,,,
5/6/2021 12:00,0,,,
5/6/2021 11:45,0,,,
5/6/2021 11:30,0,,,
5/6/2021 11:15,0,,,
5/6/2021 11:00,0,,,
5/6/2021 10:45,0,,,
5/6/2021 10:30,0,,,
5/6/2021 10:15,0,,,
5/6/2021 10:00,0,,,
5/6/2021 9:45,0,,,
5/6/2021 9:30,0,,,
5/6/2021 9:15,0,,,
5/6/2021 9:00,0,,,
5/6/2021 8:45,0,,,
5/6/2021 8:30,0,,,
5/6/2021 8:15,0,,,
5/6/2021 8:00,0,,,
5/6/2021 7:45,0,,,
5/6/2021 7:30,0,,,
5/6/2021 7:15,0,,,
5/6/2021 7:00,0,,,
5/6/2021 6:45,0,,,
5/6/2021 6:30,0,,,
5/6/2021 6:15,0,,,
5/6/2021 6:00,0,,,
5/6/2021 5:45,0,,,
5/6/2021 5:30,0,,,
5/6/2021 5:15,0,,,
5/6/2021 5:00,0,,,
5/6/2021 4:45,0,,,
5/6/2021 4:30,0,,,
5/6/2021 4:15,0,,,
5/6/2021 4:00,0,,,
5/6/2021 3:45,0,,,
5/6/2021 3:30,0,,,
5/6/2021 3:15,0,,,
5/6/2021 3:00,0,,,
5/6/2021 2:45,0,,,
5/6/2021 2:30,0,,,
5/6/2021 2:15,0,,,
5/6/2021 2:00,0,,,
5/6/2021 1:45,0,,,
5/6/2021 1:30,0,,,
5/6/2021 1:15,0,,,
5/6/2021 1:00,0,,,
5/6/2021 0:45,0,,,
5/6/2021 0:30,0,,,
5/6/2021 0:15,0,,,
5/6/2021 0:00,0,,,
5/5/2021 23:45,0,,,
5/5/2021 23:30,0,,,
5/5/2021 23:15,0,,,
5/5/2021 23:00,0,,,
5/5/2021 22:45,0,,,
5/5/2021 22:30,0,,,
5/5/2021 22:15,0,,,
5/5/2021 22:00,0,,,
5/5/2021 21:45,0,,,
5/5/2021 21:30,0,,,
5/5/2021 21:15,0,,,
5/5/2021 21:00,0,,,
5/5/2021 20:45,0,,,
5/5/2021 20:30,0,,,
5/5/2021 20:15,0,,,
5/5/2021 20:00,0,,,
5/5/2021 19:45,0,,,
5/5/2021 19:30,0,,,
5/5/2021 19:15,0,,,
5/5/2021 19:00,0,,,
5/5/2021 18:45,0,,,
5/5/2021 18:30,0,,,
5/5/2021 18:15,0,,,
5/5/2021 18:00,0,,,
5/5/2021 17:45,0,,,
5/5/2021 17:30,0,,,
5/5/2021 17:15,0,,,
5/5/2021 17:00,0,,,
5/5/2021 16:45,0,,,
5/5/2021 16:30,0,,,
5/5/2021 16:15,0,,,
5/5/2021 16:00,0,,,
5/5/2021 15:45,0,,,
5/5/2021 15:30,0,,,
5/5/2021 15:15,0,,,
5/5/2021 15:00,0,,,
5/5/2021 14:45,0,,,
5/5/2021 14:30,0,,,
5/5/2021 14:15,0,,,
5/5/2021 14:00,0,,,
5/5/2021 13:45,0,,,
5/5/2021 13:30,0,,,
5/5/2021 13:15,0,,,
5/5/2021 13:00,0,,,
5/5/2021 12:45,0,,,
5/5/2021 12:30,0,,,
5/5/2021 12:15,0,,,
5/5/2021 12:00,0,,,
5/5/2021 11:45,0,,,
5/5/2021 11:30,0,,,
5/5/2021 11:15,0,,,
5/5/2021 11:00,0,,,
5/5/2021 10:45,0,,,
5/5/2021 10:30,0,,,
5/5/2021 10:15,0,,,
5/5/2021 10:00,0,,,
5/5/2021 9:45,0,,,
5/5/2021 9:30,0,,,
5/5/2021 9:15,0,,,
5/5/2021 9:00,0,,,
5/5/2021 8:45,0,,,
5/5/2021 8:30,0,,,
5/5/2021 8:15,0,,,
5/5/2021 8:00,0,,,
5/5/2021 7:45,0,,,
5/5/2021 7:30,0,,,
5/5/2021 7:15,0,,,
5/5/2021 7:00,0,,,
5/5/2021 6:45,0,,,
5/5/2021 6:30,0,,,
5/5/2021 6:15,0,,,
5/5/2021 6:00,0,,,
5/5/2021 5:45,0,,,
5/5/2021 5:30,0,,,
5/5/2021 5:15,0,,,
5/5/2021 5:00,0,,,
5/5/2021 4:45,0,,,
5/5/2021 4:30,0,,,
5/5/2021 4:15,0,,,
5/5/2021 4:00,0,,,
5/5/2021 3:45,0,,,
5/5/2021 3:30,0,,,
5/5/2021 3:15,0,,,
5/5/2021 3:00,0,,,
5/5/2021 2:45,0,,,
5/5/2021 2:30,0,,,
5/5/2021 2:15,0,,,
5/5/2021 2:00,0,,,
5/5/2021 1:45,0,,,
5/5/2021 1:30,0,,,
5/5/2021 1:15,0,,,
5/5/2021 1:00,0,,,
5/5/2021 0:45,0,,,
5/5/2021 0:30,0,,,
5/5/2021 0:15,0,,,
5/5/2021 0:00,0,,,
5/4/2021 23:45,0,,,
5/4/2021 23:30,0,,,
5/4/2021 23:15,0,,,
5/4/2021 23:00,0,,,
5/4/2021 22:45,0,,,
5/4/2021 22:30,0,,,
5/4/2021 22:15,0,,,
5/4/2021 22:00,0,,,
5/4/2021 21:45,0,,,
5/4/2021 21:30,0,,,
5/4/2021 21:15,0,,,
5/4/2021 21:00,0,,,
5/4/2021 20:45,0,,,
5/4/2021 20:30,0,,,
5/4/2021 20:15,0,,,
5/4/2021 20:00,0,,,
5/4/2021 19:45,0,,,
5/4/2021 19:30,0,,,
5/4/2021 19:15,0,,,
5/4/2021 19:00,0,,,
5/4/2021 18:45,0,,,
5/4/2021 18:30,0,,,
5/4/2021 18:15,0,,,
5/4/2021 18:00,0,,,
5/4/2021 17:45,0,,,
5/4/2021 17:30,0,,,
5/4/2021 17:15,0,,,
5/4/2021 17:00,0,,,
5/4/2021 16:45,0,,,
5/4/2021 16:30,0,,,
5/4/2021 16:15,0,,,
5/4/2021 16:00,0,,,
5/4/2021 15:45,0,,,
5/4/2021 15:30,0,,,
5/4/2021 15:15,0,,,
5/4/2021 15:00,0,,,
5/4/2021 14:45,0,,,
5/4/2021 14:30,0,,,
5/4/2021 14:15,0,,,
5/4/2021 14:00,0,,,
5/4/2021 13:45,0,,,
5/4/2021 13:30,0,,,
5/4/2021 13:15,0,,,
5/4/2021 13:00,0,,,
5/4/2021 12:45,0,,,
5/4/2021 12:30,0,,,
5/4/2021 12:15,0,,,
5/4/2021 12:00,0,,,
5/4/2021 11:45,0,,,
5/4/2021 11:30,0,,,
5/4/2021 11:15,0,,,
5/4/2021 11:00,0,,,
5/4/2021 10:45,0,,,
5/4/2021 10:30,0,,,
5/4/2021 10:15,0,,,
5/4/2021 10:00,0,,,
5/4/2021 9:45,0,,,
5/4/2021 9:30,0,,,
5/4/2021 9:15,0,,,
5/4/2021 9:00,0,,,
5/4/2021 8:45,0,,,
5/4/2021 8:30,0,,,
5/4/2021 8:15,0,,,
5/4/2021 8:00,0,,,
5/4/2021 7:45,0,,,
5/4/2021 7:30,0,,,
5/4/2021 7:15,0,,,
5/4/2021 7:00,0,,,
5/4/2021 6:45,0,,,
5/4/2021 6:30,0,,,
5/4/2021 6:15,0,,,
5/4/2021 6:00,0,,,
5/4/2021 5:45,0,,,
5/4/2021 5:30,0,,,
5/4/2021 5:15,0,,,
5/4/2021 5:00,0,,,
5/4/2021 4:45,0,,,
5/4/2021 4:30,0,,,
5/4/2021 4:15,0,,,
5/4/2021 4:00,0,,,
5/4/2021 3:45,0,,,
5/4/2021 3:30,0,,,
5/4/2021 3:15,0,,,
5/4/2021 3:00,0,,,
5/4/2021 2:45,0,,,
5/4/2021 2:30,0,,,
5/4/2021 2:15,0,,,
5/4/2021 2:00,0,,,
5/4/2021 1:45,0,,,
5/4/2021 1:30,0,,,
5/4/2021 1:15,0,,,
5/4/2021 1:00,0,,,
5/4/2021 0:45,0,,,
5/4/2021 0:30,0,,,
5/4/2021 0:15,0,,,
5/4/2021 0:00,0,,,
5/3/2021 23:45,0,,,
5/3/2021 23:30,0,,,
5/3/2021 23:15,0,,,
5/3/2021 23:00,0,,,
5/3/2021 22:45,0,,,
5/3/2021 22:30,0,,,
5/3/2021 22:15,0,,,
5/3/2021 22:00,0,,,
5/3/2021 21:45,0,,,
5/3/2021 21:30,0,,,
5/3/2021 21:15,0,,,
5/3/2021 21:00,0,,,
5/3/2021 20:45,0,,,
5/3/2021 20:30,0,,,
5/3/2021 20:15,0,,,
5/3/2021 20:00,0,,,
5/3/2021 19:45,0,,,
5/3/2021 19:30,0,,,
5/3/2021 19:15,0,,,
5/3/2021 19:00,0,,,
5/3/2021 18:45,0,,,
5/3/2021 18:30,0,,,
5/3/2021 18:15,0,,,
5/3/2021 18:00,0,,,
5/3/2021 17:45,0,,,
5/3/2021 17:30,0,,,
5/3/2021 17:15,0,,,
5/3/2021 17:00,0,,,
5/3/2021 16:45,0,,,
5/3/2021 16:30,0,,,
5/3/2021 16:15,0,,,
5/3/2021 16:00,0,,,
5/3/2021 15:45,0,,,
5/3/2021 15:30,0,,,
5/3/2021 15:15,0,,,
5/3/2021 15:00,0,,,
5/3/2021 14:45,0,,,
5/3/2021 14:30,0,,,
5/3/2021 14:15,0,,,
5/3/2021 14:00,0,,,
5/3/2021 13:45,0,,,
5/3/2021 13:30,0,,,
5/3/2021 13:15,0,,,
5/3/2021 13:00,0,,,
5/3/2021 12:45,0,,,
5/3/2021 12:30,0,,,
5/3/2021 12:15,0,,,
5/3/2021 12:00,0,,,
5/3/2021 11:45,0,,,
5/3/2021 11:30,0,,,
5/3/2021 11:15,0,,,
5/3/2021 11:00,0,,,
5/3/2021 10:45,0,,,
5/3/2021 10:30,0,,,
5/3/2021 10:15,0,,,
5/3/2021 10:00,0,,,
5/3/2021 9:45,0,,,
5/3/2021 9:30,0,,,
5/3/2021 9:15,0,,,
5/3/2021 9:00,0,,,
5/3/2021 8:45,0,,,
5/3/2021 8:30,0,,,
5/3/2021 8:15,0,,,
5/3/2021 8:00,0,,,
5/3/2021 7:45,0,,,
5/3/2021 7:30,0,,,
5/3/2021 7:15,0,,,
5/3/2021 7:00,0,,,
5/3/2021 6:45,0,,,
5/3/2021 6:30,0,,,
5/3/2021 6:15,0,,,
5/3/2021 6:00,0,,,
5/3/2021 5:45,0,,,
5/3/2021 5:30,0,,,
5/3/2021 5:15,0,,,
5/3/2021 5:00,0,,,
5/3/2021 4:45,0,,,
5/3/2021 4:30,0,,,
5/3/2021 4:15,0,,,
5/3/2021 4:00,0,,,
5/3/2021 3:45,0,,,
5/3/2021 3:30,0,,,
5/3/2021 3:15,0,,,
5/3/2021 3:00,0,,,
5/3/2021 2:45,0,,,
5/3/2021 2:30,0,,,
5/3/2021 2:15,0,,,
5/3/2021 2:00,0,,,
5/3/2021 1:45,0,,,
5/3/2021 1:30,0,,,
5/3/2021 1:15,0,,,
5/3/2021 1:00,0,,,
5/3/2021 0:45,0,,,
5/3/2021 0:30,0,,,
5/3/2021 0:15,0,,,
5/3/2021 0:00,0,,,
5/2/2021 23:45,0,,,
5/2/2021 23:30,0,,,
5/2/2021 23:15,0,,,
5/2/2021 23:00,0,,,
5/2/2021 22:45,0,,,
5/2/2021 22:30,0,,,
5/2/2021 22:15,0,,,
5/2/2021 22:00,0,,,
5/2/2021 21:45,0,,,
5/2/2021 21:30,0,,,
5/2/2021 21:15,0,,,
5/2/2021 21:00,0,,,
5/2/2021 20:45,0,,,
5/2/2021 20:30,0,,,
5/2/2021 20:15,0,,,
5/2/2021 20:00,0,,,
5/2/2021 19:45,0,,,
5/2/2021 19:30,0,,,
5/2/2021 19:15,0,,,
5/2/2021 19:00,0,,,
5/2/2021 18:45,0,,,
5/2/2021 18:30,0,,,
5/2/2021 18:15,0,,,
5/2/2021 18:00,0,,,
5/2/2021 17:45,0,,,
5/2/2021 17:30,0,,,
5/2/2021 17:15,0,,,
5/2/2021 17:00,0,,,
5/2/2021 16:45,0,,,
5/2/2021 16:30,0,,,
5/2/2021 16:15,0,,,
5/2/2021 16:00,0,,,
5/2/2021 15:45,0,,,
5/2/2021 15:30,0,,,
5/2/2021 15:15,0,,,
5/2/2021 15:00,0,,,
5/2/2021 14:45,0,,,
5/2/2021 14:30,0,,,
5/2/2021 14:15,0,,,
5/2/2021 14:00,0,,,
5/2/2021 13:45,0,,,
5/2/2021 13:30,0,,,
5/2/2021 13:15,0,,,
5/2/2021 13:00,0,,,
5/2/2021 12:45,0,,,
5/2/2021 12:30,0,,,
5/2/2021 12:15,0,,,
5/2/2021 12:00,0,,,
5/2/2021 11:45,0,,,
5/2/2021 11:30,0,,,
5/2/2021 11:15,0,,,
5/2/2021 11:00,0,,,
5/2/2021 10:45,0,,,
5/2/2021 10:30,0,,,
5/2/2021 10:15,0,,,
5/2/2021 10:00,0,,,
5/2/2021 9:45,0,,,
5/2/2021 9:30,0,,,
5/2/2021 9:15,0,,,
5/2/2021 9:00,0,,,
5/2/2021 8:45,0,,,
5/2/2021 8:30,0,,,
5/2/2021 8:15,0,,,
5/2/2021 8:00,0,,,
5/2/2021 7:45,0,,,
5/2/2021 7:30,0,,,
5/2/2021 7:15,0,,,
5/2/2021 7:00,0,,,
5/2/2021 6:45,0,,,
5/2/2021 6:30,0,,,
5/2/2021 6:15,0,,,
5/2/2021 6:00,0,,,
5/2/2021 5:45,0,,,
5/2/2021 5:30,0,,,
5/2/2021 5:15,0,,,
5/2/2021 5:00,0,,,
5/2/2021 4:45,0,,,
5/2/2021 4:30,0,,,
5/2/2021 4:15,0,,,
5/2/2021 4:00,0,,,
5/2/2021 3:45,0,,,
5/2/2021 3:30,0,,,
5/2/2021 3:15,0,,,
5/2/2021 3:00,0,,,
5/2/2021 2:45,0,,,
5/2/2021 2:30,0,,,
5/2/2021 2:15,0,,,
5/2/2021 2:00,0,,,
5/2/2021 1:45,0,,,
5/2/2021 1:30,0,,,
5/2/2021 1:15,0,,,
5/2/2021 1:00,0,,,
5/2/2021 0:45,0,,,
5/2/2021 0:30,0,,,
5/2/2021 0:15,0,,,
5/2/2021 0:00,0,,,
5/1/2021 23:45,0,,,
5/1/2021 23:30,0,,,
5/1/2021 23:15,0,,,
5/1/2021 23:00,0,,,
5/1/2021 22:45,0,,,
5/1/2021 22:30,0,,,
5/1/2021 22:15,0,,,
5/1/2021 22:00,0,,,
5/1/2021 21:45,0,,,
5/1/2021 21:30,0,,,
5/1/2021 21:15,0,,,
5/1/2021 21:00,0,,,
5/1/2021 20:45,0,,,
5/1/2021 20:30,0,,,
5/1/2021 20:15,0,,,
5/1/2021 20:00,0,,,
5/1/2021 19:45,0,,,
5/1/2021 19:30,0,,,
5/1/2021 19:15,0,,,
5/1/2021 19:00,0,,,
5/1/2021 18:45,0,,,
5/1/2021 18:30,0,,,
5/1/2021 18:15,0,,,
5/1/2021 18:00,0,,,
5/1/2021 17:45,0,,,
5/1/2021 17:30,0,,,
5/1/2021 17:15,0,,,
5/1/2021 17:00,0,,,
5/1/2021 16:45,0,,,
5/1/2021 16:30,0,,,
5/1/2021 16:15,0,,,
5/1/2021 16:00,0,,,
5/1/2021 15:45,0,,,
5/1/2021 15:30,0,,,
5/1/2021 15:15,0,,,
5/1/2021 15:00,0,,,
5/1/2021 14:45,0,,,
5/1/2021 14:30,0,,,
5/1/2021 14:15,0,,,
5/1/2021 14:00,0,,,
5/1/2021 13:45,0,,,
5/1/2021 13:30,0,,,
5/1/2021 13:15,0,,,
5/1/2021 13:00,0,,,
5/1/2021 12:45,0,,,
5/1/2021 12:30,0,,,
5/1/2021 12:15,0,,,
5/1/2021 12:00,0,,,
5/1/2021 11:45,0,,,
5/1/2021 11:30,0,,,
5/1/2021 11:15,0,,,
5/1/2021 11:00,0,,,
5/1/2021 10:45,0,,,
5/1/2021 10:30,0,,,
5/1/2021 10:15,0,,,
5/1/2021 10:00,0,,,
5/1/2021 9:45,0,,,
5/1/2021 9:30,0,,,
5/1/2021 9:15,0,,,
5/1/2021 9:00,0,,,
5/1/2021 8:45,0,,,
5/1/2021 8:30,0,,,
5/1/2021 8:15,0,,,
5/1/2021 8:00,0,,,
5/1/2021 7:45,0,,,
5/1/2021 7:30,0,,,
5/1/2021 7:15,0,,,
5/1/2021 7:00,0,,,
5/1/2021 6:45,0,,,
5/1/2021 6:30,0,,,
5/1/2021 6:15,0,,,
5/1/2021 6:00,0,,,
5/1/2021 5:45,0,,,
5/1/2021 5:30,0,,,
5/1/2021 5:15,0,,,
5/1/2021 5:00,0,,,
5/1/2021 4:45,0,,,
5/1/2021 4:30,0,,,
5/1/2021 4:15,0,,,
5/1/2021 4:00,0,,,
5/1/2021 3:45,0,,,
5/1/2021 3:30,0,,,
5/1/2021 3:15,0,,,
5/1/2021 3:00,0,,,
5/1/2021 2:45,0,,,
5/1/2021 2:30,0,,,
5/1/2021 2:15,0,,,
5/1/2021 2:00,0,,,
5/1/2021 1:45,0,,,
5/1/2021 1:30,0,,,
5/1/2021 1:15,0,,,
5/1/2021 1:00,0,,,
5/1/2021 0:45,0,,,
5/1/2021 0:30,0,,,
5/1/2021 0:15,0,,,
5/1/2021 0:00,0,,,
4/30/2021 23:45,0,,,
4/30/2021 23:30,0,,,
4/30/2021 23:15,0,,,
4/30/2021 23:00,0,,,
4/30/2021 22:45,0,,,
4/30/2021 22:30,0,,,
4/30/2021 22:15,0,,,
4/30/2021 22:00,0,,,
4/30/2021 21:45,0,,,
4/30/2021 21:30,0,,,
4/30/2021 21:15,0,,,
4/30/2021 21:00,0,,,
4/30/2021 20:45,0,,,
4/30/2021 20:30,0,,,
4/30/2021 20:15,0,,,
4/30/2021 20:00,0,,,
4/30/2021 19:45,0,,,
4/30/2021 19:30,0,,,
4/30/2021 19:15,0,,,
4/30/2021 19:00,0,,,
4/30/2021 18:45,0,,,
4/30/2021 18:30,0,,,
4/30/2021 18:15,0,,,
4/30/2021 18:00,0,,,
4/30/2021 17:45,0,,,
4/30/2021 17:30,0,,,
4/30/2021 17:15,0,,,
4/30/2021 17:00,0,,,
4/30/2021 16:45,0,,,
4/30/2021 16:30,0,,,
4/30/2021 16:15,0,,,
4/30/2021 16:00,0,,,
4/30/2021 15:45,0,,,
4/30/2021 15:30,0,,,
4/30/2021 15:15,0,,,
4/30/2021 15:00,0,,,
4/30/2021 14:45,0,,,
4/30/2021 14:30,0,,,
4/30/2021 14:15,0,,,
4/30/2021 14:00,0,,,
4/30/2021 13:45,0,,,
4/30/2021 13:30,0,,,
4/30/2021 13:15,0,,,
4/30/2021 13:00,0,,,
4/30/2021 12:45,0,,,
4/30/2021 12:30,0,,,
4/30/2021 12:15,0,,,
4/30/2021 12:00,0,,,
4/30/2021 11:45,0,,,
4/30/2021 11:30,0,,,
4/30/2021 11:15,0,,,
4/30/2021 11:00,0,,,
4/30/2021 10:45,0,,,
4/30/2021 10:30,0,,,
4/30/2021 10:15,0,,,
4/30/2021 10:00,0,,,
4/30/2021 9:45,0,,,
4/30/2021 9:30,0,,,
4/30/2021 9:15,0,,,
4/30/2021 9:00,0,,,
4/30/2021 8:45,0,,,
4/30/2021 8:30,0,,,
4/30/2021 8:15,0,,,
4/30/2021 8:00,0,,,
4/30/2021 7:45,0,,,
4/30/2021 7:30,0,,,
4/30/2021 7:15,0,,,
4/30/2021 7:00,0,,,
4/30/2021 6:45,0,,,
4/30/2021 6:30,0,,,
4/30/2021 6:15,0,,,
4/30/2021 6:00,0,,,
4/30/2021 5:45,0,,,
4/30/2021 5:30,0,,,
4/30/2021 5:15,0,,,
4/30/2021 5:00,0,,,
4/30/2021 4:45,0,,,
4/30/2021 4:30,0,,,
4/30/2021 4:15,0,,,
4/30/2021 4:00,0,,,
4/30/2021 3:45,0,,,
4/30/2021 3:30,0,,,
4/30/2021 3:15,0,,,
4/30/2021 3:00,0,,,
4/30/2021 2:45,0,,,
4/30/2021 2:30,0,,,
4/30/2021 2:15,0,,,
4/30/2021 2:00,0,,,
4/30/2021 1:45,0,,,
4/30/2021 1:30,0,,,
4/30/2021 1:15,0,,,
4/30/2021 1:00,0,,,
4/30/2021 0:45,0,,,
4/30/2021 0:30,0,,,
4/30/2021 0:15,0,,,
4/30/2021 0:00,0,,,
4/29/2021 23:45,0,,,
4/29/2021 23:30,0,,,
4/29/2021 23:15,0,,,
4/29/2021 23:00,0,,,
4/29/2021 22:45,0,,,
4/29/2021 22:30,0,,,
4/29/2021 22:15,0,,,
4/29/2021 22:00,0,,,
4/29/2021 21:45,0,,,
4/29/2021 21:30,0,,,
4/29/2021 21:15,0,,,
4/29/2021 21:00,0,,,
4/29/2021 20:45,0,,,
4/29/2021 20:30,0,,,
4/29/2021 20:15,0,,,
4/29/2021 20:00,0,,,
4/29/2021 19:45,0,,,
4/29/2021 19:30,0,,,
4/29/2021 19:15,0,,,
4/29/2021 19:00,0,,,
4/29/2021 18:45,0,,,
4/29/2021 18:30,0,,,
4/29/2021 18:15,0,,,
4/29/2021 18:00,0,,,
4/29/2021 17:45,0,,,
4/29/2021 17:30,0,,,
4/29/2021 17:15,0,,,
4/29/2021 17:00,0,,,
4/29/2021 16:45,0,,,
4/29/2021 16:30,0,,,
4/29/2021 16:15,0,,,
4/29/2021 16:00,0,,,
4/29/2021 15:45,0,,,
4/29/2021 15:30,0,,,
4/29/2021 15:15,0,,,
4/29/2021 15:00,0,,,
4/29/2021 14:45,0,,,
4/29/2021 14:30,0,,,
4/29/2021 14:15,0,,,
4/29/2021 14:00,0,,,
4/29/2021 13:45,0,,,
4/29/2021 13:30,0,,,
4/29/2021 13:15,0,,,
4/29/2021 13:00,0,,,
4/29/2021 12:45,0,,,
4/29/2021 12:30,0,,,
4/29/2021 12:15,0,,,
4/29/2021 12:00,0,,,
4/29/2021 11:45,0,,,
4/29/2021 11:30,0,,,
4/29/2021 11:15,0,,,
4/29/2021 11:00,0,,,
4/29/2021 10:45,0,,,
4/29/2021 10:30,0,,,
4/29/2021 10:15,0,,,
4/29/2021 10:00,0,,,
4/29/2021 9:45,0,,,
4/29/2021 9:30,0,,,
4/29/2021 9:15,0,,,
4/29/2021 9:00,0,,,
4/29/2021 8:45,0,,,
4/29/2021 8:30,0,,,
4/29/2021 8:15,0,,,
4/29/2021 8:00,0,,,
4/29/2021 7:45,0,,,
4/29/2021 7:30,0,,,
4/29/2021 7:15,0,,,
4/29/2021 7:00,0,,,
4/29/2021 6:45,0,,,
4/29/2021 6:30,0,,,
4/29/2021 6:15,0,,,
4/29/2021 6:00,0,,,
4/29/2021 5:45,0,,,
4/29/2021 5:30,0,,,
4/29/2021 5:15,0,,,
4/29/2021 5:00,0,,,
4/29/2021 4:45,0,,,
4/29/2021 4:30,0,,,
4/29/2021 4:15,0,,,
4/29/2021 4:00,0,,,
4/29/2021 3:45,0,,,
4/29/2021 3:30,0,,,
4/29/2021 3:15,0,,,
4/29/2021 3:00,0,,,
4/29/2021 2:45,0,,,
4/29/2021 2:30,0,,,
4/29/2021 2:15,0,,,
4/29/2021 2:00,0,,,
4/29/2021 1:45,0,,,
4/29/2021 1:30,0,,,
4/29/2021 1:15,0,,,
4/29/2021 1:00,0,,,
4/29/2021 0:45,0,,,
4/29/2021 0:30,0,,,
4/29/2021 0:15,0,,,
4/29/2021 0:00,0,,,
4/28/2021 23:45,0,,,
4/28/2021 23:30,0,,,
4/28/2021 23:15,0,,,
4/28/2021 23:00,0,,,
4/28/2021 22:45,0,,,
4/28/2021 22:30,0,,,
4/28/2021 22:15,0,,,
4/28/2021 22:00,0,,,
4/28/2021 21:45,0,,,
4/28/2021 21:30,0,,,
4/28/2021 21:15,0,,,
4/28/2021 21:00,0,,,
4/28/2021 20:45,0,,,
4/28/2021 20:30,0,,,
4/28/2021 20:15,0,,,
4/28/2021 20:00,0,,,
4/28/2021 19:45,0,,,
4/28/2021 19:30,0,,,
4/28/2021 19:15,0,,,
4/28/2021 19:00,0,,,
4/28/2021 18:45,0,,,
4/28/2021 18:30,0,,,
4/28/2021 18:15,0,,,
4/28/2021 18:00,0,,,
4/28/2021 17:45,0,,,
4/28/2021 17:30,0,,,
4/28/2021 17:15,0,,,
4/28/2021 17:00,0,,,
4/28/2021 16:45,0,,,
4/28/2021 16:30,0,,,
4/28/2021 16:15,0,,,
4/28/2021 16:00,0,,,
4/28/2021 15:45,0,,,
4/28/2021 15:30,0,,,
4/28/2021 15:15,0,,,
4/28/2021 15:00,0,,,
4/28/2021 14:45,0,,,
4/28/2021 14:30,0,,,
4/28/2021 14:15,0,,,
4/28/2021 14:00,0,,,
4/28/2021 13:45,0,,,
4/28/2021 13:30,0,,,
4/28/2021 13:15,0,,,
4/28/2021 13:00,0,,,
4/28/2021 12:45,0,,,
4/28/2021 12:30,0,,,
4/28/2021 12:15,0,,,
4/28/2021 12:00,0,,,
4/28/2021 11:45,0,,,
4/28/2021 11:30,0,,,
4/28/2021 11:15,0,,,
4/28/2021 11:00,0,,,
4/28/2021 10:45,0,,,
4/28/2021 10:30,0,,,
4/28/2021 10:15,0,,,
4/28/2021 10:00,0,,,
4/28/2021 9:45,0,,,
4/28/2021 9:30,0,,,
4/28/2021 9:15,0,,,
4/28/2021 9:00,0,,,
4/28/2021 8:45,0,,,
4/28/2021 8:30,0,,,
4/28/2021 8:15,0,,,
4/28/2021 8:00,0,,,
4/28/2021 7:45,0,,,
4/28/2021 7:30,0,,,
4/28/2021 7:15,0,,,
4/28/2021 7:00,0,,,
4/28/2021 6:45,0,,,
4/28/2021 6:30,0,,,
4/28/2021 6:15,0,,,
4/28/2021 6:00,0,,,
4/28/2021 5:45,0,,,
4/28/2021 5:30,0,,,
4/28/2021 5:15,0,,,
4/28/2021 5:00,0,,,
4/28/2021 4:45,0,,,
4/28/2021 4:30,0,,,
4/28/2021 4:15,0,,,
4/28/2021 4:00,0,,,
4/28/2021 3:45,0,,,
4/28/2021 3:30,0,,,
4/28/2021 3:15,0,,,
4/28/2021 3:00,0,,,
4/28/2021 2:45,0,,,
4/28/2021 2:30,0,,,
4/28/2021 2:15,0,,,
4/28/2021 2:00,0,,,
4/28/2021 1:45,0,,,
4/28/2021 1:30,0,,,
4/28/2021 1:15,0,,,
4/28/2021 1:00,0,,,
4/28/2021 0:45,0,,,
4/28/2021 0:30,0,,,
4/28/2021 0:15,0,,,
4/28/2021 0:00,0,,,
4/27/2021 23:45,0,,,
4/27/2021 23:30,0,,,
4/27/2021 23:15,0,,,
4/27/2021 23:00,0,,,
4/27/2021 22:45,0,,,
4/27/2021 22:30,0,,,
4/27/2021 22:15,0,,,
4/27/2021 22:00,0,,,
4/27/2021 21:45,0,,,
4/27/2021 21:30,0,,,
4/27/2021 21:15,0,,,
4/27/2021 21:00,0,,,
4/27/2021 20:45,0,,,
4/27/2021 20:30,0,,,
4/27/2021 20:15,0,,,
4/27/2021 20:00,0,,,
4/27/2021 19:45,0,,,
4/27/2021 19:30,0,,,
4/27/2021 19:15,0,,,
4/27/2021 19:00,0,,,
4/27/2021 18:45,0,,,
4/27/2021 18:30,0,,,
4/27/2021 18:15,0,,,
4/27/2021 18:00,0,,,
4/27/2021 17:45,0,,,
4/27/2021 17:30,0,,,
4/27/2021 17:15,0,,,
4/27/2021 17:00,0,,,
4/27/2021 16:45,0,,,
4/27/2021 16:30,0,,,
4/27/2021 16:15,0,,,
4/27/2021 16:00,0,,,
4/27/2021 15:45,0,,,
4/27/2021 15:30,0,,,
4/27/2021 15:15,0,,,
4/27/2021 15:00,0,,,
4/27/2021 14:45,0,,,
4/27/2021 14:30,0,,,
4/27/2021 14:15,0,,,
4/27/2021 14:00,0,,,
4/27/2021 13:45,0,,,
4/27/2021 13:30,0,,,
4/27/2021 13:15,0,,,
4/27/2021 13:00,0,,,
4/27/2021 12:45,0,,,
4/27/2021 12:30,0,,,
4/27/2021 12:15,0,,,
4/27/2021 12:00,0,,,
4/27/2021 11:45,0,,,
4/27/2021 11:30,0,,,
4/27/2021 11:15,0,,,
4/27/2021 11:00,0,,,
4/27/2021 10:45,0,,,
4/27/2021 10:30,0,,,
4/27/2021 10:15,0,,,
4/27/2021 10:00,0,,,
4/27/2021 9:45,0,,,
4/27/2021 9:30,0,,,
4/27/2021 9:15,0,,,
4/27/2021 9:00,0,,,
4/27/2021 8:45,0,,,
4/27/2021 8:30,0,,,
4/27/2021 8:15,0,,,
4/27/2021 8:00,0,,,
4/27/2021 7:45,0,,,
4/27/2021 7:30,0,,,
4/27/2021 7:15,0,,,
4/27/2021 7:00,0,,,
4/27/2021 6:45,0,,,
4/27/2021 6:30,0,,,
4/27/2021 6:15,0,,,
4/27/2021 6:00,0,,,
4/27/2021 5:45,0,,,
4/27/2021 5:30,0,,,
4/27/2021 5:15,0,,,
4/27/2021 5:00,0,,,
4/27/2021 4:45,0,,,
4/27/2021 4:30,0,,,
4/27/2021 4:15,0,,,
4/27/2021 4:00,0,,,
4/27/2021 3:45,0,,,
4/27/2021 3:30,0,,,
4/27/2021 3:15,0,,,
4/27/2021 3:00,0,,,
4/27/2021 2:45,0,,,
4/27/2021 2:30,0,,,
4/27/2021 2:15,0,,,
4/27/2021 2:00,0,,,
4/27/2021 1:45,0,,,
4/27/2021 1:30,0,,,
4/27/2021 1:15,0,,,
4/27/2021 1:00,0,,,
4/27/2021 0:45,0,,,
4/27/2021 0:30,0,,,
4/27/2021 0:15,0,,,
4/27/2021 0:00,0,,,
4/26/2021 23:45,0,,,
4/26/2021 23:30,0,,,
4/26/2021 23:15,0,,,
4/26/2021 23:00,0,,,
4/26/2021 22:45,0,,,
4/26/2021 22:30,0,,,
4/26/2021 22:15,0,,,
4/26/2021 22:00,0,,,
4/26/2021 21:45,0,,,
4/26/2021 21:30,0,,,
4/26/2021 21:15,0,,,
4/26/2021 21:00,0,,,
4/26/2021 20:45,0,,,
4/26/2021 20:30,0,,,
4/26/2021 20:15,0,,,
4/26/2021 20:00,0,,,
4/26/2021 19:45,0,,,
4/26/2021 19:30,0,,,
4/26/2021 19:15,0,,,
4/26/2021 19:00,0,,,
4/26/2021 18:45,0,,,
4/26/2021 18:30,0,,,
4/26/2021 18:15,0,,,
4/26/2021 18:00,0,,,
4/26/2021 17:45,0,,,
4/26/2021 17:30,0,,,
4/26/2021 17:15,0,,,
4/26/2021 17:00,0,,,
4/26/2021 16:45,0,,,
4/26/2021 16:30,0,,,
4/26/2021 16:15,0,,,
4/26/2021 16:00,0,,,
4/26/2021 15:45,0,,,
4/26/2021 15:30,0,,,
4/26/2021 15:15,0,,,
4/26/2021 15:00,0,,,
4/26/2021 14:45,0,,,
4/26/2021 14:30,0,,,
4/26/2021 14:15,0,,,
4/26/2021 14:00,0,,,
4/26/2021 13:45,0,,,
4/26/2021 13:30,0,,,
4/26/2021 13:15,0,,,
4/26/2021 13:00,0,,,
4/26/2021 12:45,0,,,
4/26/2021 12:30,0,,,
4/26/2021 12:15,0,,,
4/26/2021 12:00,0,,,
4/26/2021 11:45,0,,,
4/26/2021 11:30,0,,,
4/26/2021 11:15,0,,,
4/26/2021 11:00,0,,,
4/26/2021 10:45,0,,,
4/26/2021 10:30,0,,,
4/26/2021 10:15,0,,,
4/26/2021 10:00,0,,,
4/26/2021 9:45,0,,,
4/26/2021 9:30,0,,,
4/26/2021 9:15,0,,,
4/26/2021 9:00,0,,,
4/26/2021 8:45,0,,,
4/26/2021 8:30,0,,,
4/26/2021 8:15,0,,,
4/26/2021 8:00,0,,,
4/26/2021 7:45,0,,,
4/26/2021 7:30,0,,,
4/26/2021 7:15,0,,,
4/26/2021 7:00,0,,,
4/26/2021 6:45,0,,,
4/26/2021 6:30,0,,,
4/26/2021 6:15,0,,,
4/26/2021 6:00,0,,,
4/26/2021 5:45,0,,,
4/26/2021 5:30,0,,,
4/26/2021 5:15,0,,,
4/26/2021 5:00,0,,,
4/26/2021 4:45,0,,,
4/26/2021 4:30,0,,,
4/26/2021 4:15,0,,,
4/26/2021 4:00,0,,,
4/26/2021 3:45,0,,,
4/26/2021 3:30,0,,,
4/26/2021 3:15,0,,,
4/26/2021 3:00,0,,,
4/26/2021 2:45,0,,,
4/26/2021 2:30,0,,,
4/26/2021 2:15,0,,,
4/26/2021 2:00,0,,,
4/26/2021 1:45,0,,,
4/26/2021 1:30,0,,,
4/26/2021 1:15,0,,,
4/26/2021 1:00,0,,,
4/26/2021 0:45,0,,,
4/26/2021 0:30,0,,,
4/26/2021 0:15,0,,,
4/26/2021 0:00,0,,,
4/25/2021 23:45,0,,,
4/25/2021 23:30,0,,,
4/25/2021 23:15,0,,,
4/25/2021 23:00,0,,,
4/25/2021 22:45,0,,,
4/25/2021 22:30,0,,,
4/25/2021 22:15,0,,,
4/25/2021 22:00,0,,,
4/25/2021 21:45,0,,,
4/25/2021 21:30,0,,,
4/25/2021 21:15,0,,,
4/25/2021 21:00,0,,,
4/25/2021 20:45,0,,,
4/25/2021 20:30,0,,,
4/25/2021 20:15,0,,,
4/25/2021 20:00,0,,,
4/25/2021 19:45,0,,,
4/25/2021 19:30,0,,,
4/25/2021 19:15,0,,,
4/25/2021 19:00,0,,,
4/25/2021 18:45,0,,,
4/25/2021 18:30,0,,,
4/25/2021 18:15,0,,,
4/25/2021 18:00,0,,,
4/25/2021 17:45,0,,,
4/25/2021 17:30,0,,,
4/25/2021 17:15,0,,,
4/25/2021 17:00,0,,,
4/25/2021 16:45,0,,,
4/25/2021 16:30,0,,,
4/25/2021 16:15,0,,,
4/25/2021 16:00,0,,,
4/25/2021 15:45,0,,,
4/25/2021 15:30,0,,,
4/25/2021 15:15,0,,,
4/25/2021 15:00,0,,,
4/25/2021 14:45,0,,,
4/25/2021 14:30,0,,,
4/25/2021 14:15,0,,,
4/25/2021 14:00,0,,,
4/25/2021 13:45,0,,,
4/25/2021 13:30,0,,,
4/25/2021 13:15,0,,,
4/25/2021 13:00,0,,,
4/25/2021 12:45,0,,,
4/25/2021 12:30,0,,,
4/25/2021 12:15,0,,,
4/25/2021 12:00,0,,,
4/25/2021 11:45,0,,,
4/25/2021 11:30,0,,,
4/25/2021 11:15,0,,,
4/25/2021 11:00,0,,,
4/25/2021 10:45,0,,,
4/25/2021 10:30,0,,,
4/25/2021 10:15,0,,,
4/25/2021 10:00,0,,,
4/25/2021 9:45,0,,,
4/25/2021 9:30,0,,,
4/25/2021 9:15,0,,,
4/25/2021 9:00,0,,,
4/25/2021 8:45,0,,,
4/25/2021 8:30,0,,,
4/25/2021 8:15,0,,,
4/25/2021 8:00,0,,,
4/25/2021 7:45,0,,,
4/25/2021 7:30,0,,,
4/25/2021 7:15,0,,,
4/25/2021 7:00,0,,,
4/25/2021 6:45,0,,,
4/25/2021 6:30,0,,,
4/25/2021 6:15,0,,,
4/25/2021 6:00,0,,,
4/25/2021 5:45,0,,,
4/25/2021 5:30,0,,,
4/25/2021 5:15,0,,,
4/25/2021 5:00,0,,,
4/25/2021 4:45,0,,,
4/25/2021 4:30,0,,,
4/25/2021 4:15,0,,,
4/25/2021 4:00,0,,,
4/25/2021 3:45,0,,,
4/25/2021 3:30,0,,,
4/25/2021 3:15,0,,,
4/25/2021 3:00,0,,,
4/25/2021 2:45,0,,,
4/25/2021 2:30,0,,,
4/25/2021 2:15,0,,,
4/25/2021 2:00,0,,,
4/25/2021 1:45,0,,,
4/25/2021 1:30,0,,,
4/25/2021 1:15,0,,,
4/25/2021 1:00,0,,,
4/25/2021 0:45,0,,,
4/25/2021 0:30,0,,,
4/25/2021 0:15,0,,,
4/25/2021 0:00,0,,,
4/24/2021 23:45,0,,,
4/24/2021 23:30,0,,,
4/24/2021 23:15,0,,,
4/24/2021 23:00,0,,,
4/24/2021 22:45,0,,,
4/24/2021 22:30,0,,,
4/24/2021 22:15,0,,,
4/24/2021 22:00,0,,,
4/24/2021 21:45,0,,,
4/24/2021 21:30,0,,,
4/24/2021 21:15,0,,,
4/24/2021 21:00,0,,,
4/24/2021 20:45,0,,,
4/24/2021 20:30,0,,,
4/24/2021 20:15,0,,,
4/24/2021 20:00,0,,,
4/24/2021 19:45,0,,,
4/24/2021 19:30,0,,,
4/24/2021 19:15,0,,,
4/24/2021 19:00,0,,,
4/24/2021 18:45,0,,,
4/24/2021 18:30,0,,,
4/24/2021 18:15,0,,,
4/24/2021 18:00,0,,,
4/24/2021 17:45,0,,,
4/24/2021 17:30,0,,,
4/24/2021 17:15,0,,,
4/24/2021 17:00,0,,,
4/24/2021 16:45,0,,,
4/24/2021 16:30,0,,,
4/24/2021 16:15,0,,,
4/24/2021 16:00,0,,,
4/24/2021 15:45,0,,,
4/24/2021 15:30,0,,,
4/24/2021 15:15,0,,,
4/24/2021 15:00,0,,,
4/24/2021 14:45,0,,,
4/24/2021 14:30,0,,,
4/24/2021 14:15,0,,,
4/24/2021 14:00,0,,,
4/24/2021 13:45,0,,,
4/24/2021 13:30,0,,,
4/24/2021 13:15,0,,,
4/24/2021 13:00,0,,,
4/24/2021 12:45,0,,,
4/24/2021 12:30,0,,,
4/24/2021 12:15,0,,,
4/24/2021 12:00,0,,,
4/24/2021 11:45,0,,,
4/24/2021 11:30,0,,,
4/24/2021 11:15,0,,,
4/24/2021 11:00,0,,,
4/24/2021 10:45,0,,,
4/24/2021 10:30,0,,,
4/24/2021 10:15,0,,,
4/24/2021 10:00,0,,,
4/24/2021 9:45,0,,,
4/24/2021 9:30,0,,,
4/24/2021 9:15,0,,,
4/24/2021 9:00,0,,,
4/24/2021 8:45,0,,,
4/24/2021 8:30,0,,,
4/24/2021 8:15,0,,,
4/24/2021 8:00,0,,,
4/24/2021 7:45,0,,,
4/24/2021 7:30,0,,,
4/24/2021 7:15,0,,,
4/24/2021 7:00,0,,,
4/24/2021 6:45,0,,,
4/24/2021 6:30,0,,,
4/24/2021 6:15,0,,,
4/24/2021 6:00,0,,,
4/24/2021 5:45,0,,,
4/24/2021 5:30,0,,,
4/24/2021 5:15,0,,,
4/24/2021 5:00,0,,,
4/24/2021 4:45,0,,,
4/24/2021 4:30,0,,,
4/24/2021 4:15,0,,,
4/24/2021 4:00,0,,,
4/24/2021 3:45,0,,,
4/24/2021 3:30,0,,,
4/24/2021 3:15,0,,,
4/24/2021 3:00,0,,,
4/24/2021 2:45,0,,,
4/24/2021 2:30,0,,,
4/24/2021 2:15,0,,,
4/24/2021 2:00,0,,,
4/24/2021 1:45,0,,,
4/24/2021 1:30,0,,,
4/24/2021 1:15,0,,,
4/24/2021 1:00,0,,,
4/24/2021 0:45,0,,,
4/24/2021 0:30,0,,,
4/24/2021 0:15,0,,,
4/24/2021 0:00,0,,,
4/23/2021 23:45,0,,,
4/23/2021 23:30,0,,,
4/23/2021 23:15,0,,,
4/23/2021 23:00,0,,,
4/23/2021 22:45,0,,,
4/23/2021 22:30,0,,,
4/23/2021 22:15,0,,,
4/23/2021 22:00,0,,,
4/23/2021 21:45,0,,,
4/23/2021 21:30,0,,,
4/23/2021 21:15,0,,,
4/23/2021 21:00,0,,,
4/23/2021 20:45,0,,,
4/23/2021 20:30,0,,,
4/23/2021 20:15,0,,,
4/23/2021 20:00,0,,,
4/23/2021 19:45,0,,,
4/23/2021 19:30,0,,,
4/23/2021 19:15,0,,,
4/23/2021 19:00,0,,,
4/23/2021 18:45,0,,,
4/23/2021 18:30,0,,,
4/23/2021 18:15,0,,,
4/23/2021 18:00,0,,,
4/23/2021 17:45,0,,,
4/23/2021 17:30,0,,,
4/23/2021 17:15,0,,,
4/23/2021 17:00,0,,,
4/23/2021 16:45,0,,,
4/23/2021 16:30,0,,,
4/23/2021 16:15,0,,,
4/23/2021 16:00,0,,,
4/23/2021 15:45,0,,,
4/23/2021 15:30,0,,,
4/23/2021 15:15,0,,,
4/23/2021 15:00,0,,,
4/23/2021 14:45,0,,,
4/23/2021 14:30,0,,,
4/23/2021 14:15,0,,,
4/23/2021 14:00,0,,,
4/23/2021 13:45,0,,,
4/23/2021 13:30,0,,,
4/23/2021 13:15,0,,,
4/23/2021 13:00,0,,,
4/23/2021 12:45,0,,,
4/23/2021 12:30,0,,,
4/23/2021 12:15,0,,,
4/23/2021 12:00,0,,,
4/23/2021 11:45,0,,,
4/23/2021 11:30,0,,,
4/23/2021 11:15,0,,,
4/23/2021 11:00,0,,,
4/23/2021 10:45,0,,,
4/23/2021 10:30,0,,,
4/23/2021 10:15,0,,,
4/23/2021 10:00,0,,,
4/23/2021 9:45,0,,,
4/23/2021 9:30,0,,,
4/23/2021 9:15,0,,,
4/23/2021 9:00,0,,,
4/23/2021 8:45,0,,,
4/23/2021 8:30,0,,,
4/23/2021 8:15,0,,,
4/23/2021 8:00,0,,,
4/23/2021 7:45,0,,,
4/23/2021 7:30,0,,,
4/23/2021 7:15,0,,,
4/23/2021 7:00,0,,,
4/23/2021 6:45,0,,,
4/23/2021 6:30,0,,,
4/23/2021 6:15,0,,,
4/23/2021 6:00,0,,,
4/23/2021 5:45,0,,,
4/23/2021 5:30,0,,,
4/23/2021 5:15,0,,,
4/23/2021 5:00,0,,,
4/23/2021 4:45,0,,,
4/23/2021 4:30,0,,,
4/23/2021 4:15,0,,,
4/23/2021 4:00,0,,,
4/23/2021 3:45,0,,,
4/23/2021 3:30,0,,,
4/23/2021 3:15,0,,,
4/23/2021 3:00,0,,,
4/23/2021 2:45,0,,,
4/23/2021 2:30,0,,,
4/23/2021 2:15,0,,,
4/23/2021 2:00,0,,,
4/23/2021 1:45,0,,,
4/23/2021 1:30,0,,,
4/23/2021 1:15,0,,,
4/23/2021 1:00,0,,,
4/23/2021 0:45,0,,,
4/23/2021 0:30,0,,,
4/23/2021 0:15,0,,,
4/23/2021 0:00,0,,,
4/22/2021 23:45,0,,,
4/22/2021 23:30,0,,,
4/22/2021 23:15,0,,,
4/22/2021 23:00,0,,,
4/22/2021 22:45,0,,,
4/22/2021 22:30,0,,,
4/22/2021 22:15,0,,,
4/22/2021 22:00,0,,,
4/22/2021 21:45,0,,,
4/22/2021 21:30,0,,,
4/22/2021 21:15,0,,,
4/22/2021 21:00,0,,,
4/22/2021 20:45,0,,,
4/22/2021 20:30,0,,,
4/22/2021 20:15,0,,,
4/22/2021 20:00,0,,,
4/22/2021 19:45,0,,,
4/22/2021 19:30,0,,,
4/22/2021 19:15,0,,,
4/22/2021 19:00,0,,,
4/22/2021 18:45,0,,,
4/22/2021 18:30,0,,,
4/22/2021 18:15,0,,,
4/22/2021 18:00,0,,,
4/22/2021 17:45,0,,,
4/22/2021 17:30,0,,,
4/22/2021 17:15,0,,,
4/22/2021 17:00,0,,,
4/22/2021 16:45,0,,,
4/22/2021 16:30,0,,,
4/22/2021 16:15,0,,,
4/22/2021 16:00,0,,,
4/22/2021 15:45,0,,,
4/22/2021 15:30,0,,,
4/22/2021 15:15,0,,,
4/22/2021 15:00,0,,,
4/22/2021 14:45,0,,,
4/22/2021 14:30,0,,,
4/22/2021 14:15,0,,,
4/22/2021 14:00,0,,,
4/22/2021 13:45,0,,,
4/22/2021 13:30,0,,,
4/22/2021 13:15,0,,,
4/22/2021 13:00,0,,,
4/22/2021 12:45,0,,,
4/22/2021 12:30,0,,,
4/22/2021 12:15,0,,,
4/22/2021 12:00,0,,,
4/22/2021 11:45,0,,,
4/22/2021 11:30,0,,,
4/22/2021 11:15,0,,,
4/22/2021 11:00,0,,,
4/22/2021 10:45,0,,,
4/22/2021 10:30,0,,,
4/22/2021 10:15,0,,,
4/22/2021 10:00,0,,,
4/22/2021 9:45,0,,,
4/22/2021 9:30,0,,,
4/22/2021 9:15,0,,,
4/22/2021 9:00,0,,,
4/22/2021 8:45,0,,,
4/22/2021 8:30,0,,,
4/22/2021 8:15,0,,,
4/22/2021 8:00,0,,,
4/22/2021 7:45,0,,,
4/22/2021 7:30,0,,,
4/22/2021 7:15,0,,,
4/22/2021 7:00,0,,,
4/22/2021 6:45,0,,,
4/22/2021 6:30,0,,,
4/22/2021 6:15,0,,,
4/22/2021 6:00,0,,,
4/22/2021 5:45,0,,,
4/22/2021 5:30,0,,,
4/22/2021 5:15,0,,,
4/22/2021 5:00,0,,,
4/22/2021 4:45,0,,,
4/22/2021 4:30,0,,,
4/22/2021 4:15,0,,,
4/22/2021 4:00,0,,,
4/22/2021 3:45,0,,,
4/22/2021 3:30,0,,,
4/22/2021 3:15,0,,,
4/22/2021 3:00,0,,,
4/22/2021 2:45,0,,,
4/22/2021 2:30,0,,,
4/22/2021 2:15,0,,,
4/22/2021 2:00,0,,,
4/22/2021 1:45,0,,,
4/22/2021 1:30,0,,,
4/22/2021 1:15,0,,,
4/22/2021 1:00,0,,,
4/22/2021 0:45,0,,,
4/22/2021 0:30,0,,,
4/22/2021 0:15,0,,,
4/22/2021 0:00,0,,,
4/21/2021 23:45,0,,,
4/21/2021 23:30,0,,,
4/21/2021 23:15,0,,,
4/21/2021 23:00,0,,,
4/21/2021 22:45,0,,,
4/21/2021 22:30,0,,,
4/21/2021 22:15,0,,,
4/21/2021 22:00,0,,,
4/21/2021 21:45,0,,,
4/21/2021 21:30,0,,,
4/21/2021 21:15,0,,,
4/21/2021 21:00,0,,,
4/21/2021 20:45,0,,,
4/21/2021 20:30,0,,,
4/21/2021 20:15,0,,,
4/21/2021 20:00,0,,,
4/21/2021 19:45,0,,,
4/21/2021 19:30,0,,,
4/21/2021 19:15,0,,,
4/21/2021 19:00,0,,,
4/21/2021 18:45,0,,,
4/21/2021 18:30,0,,,
4/21/2021 18:15,0,,,
4/21/2021 18:00,0,,,
4/21/2021 17:45,0,,,
4/21/2021 17:30,0,,,
4/21/2021 17:15,0,,,
4/21/2021 17:00,0,,,
4/21/2021 16:45,0,,,
4/21/2021 16:30,0,,,
4/21/2021 16:15,0,,,
4/21/2021 16:00,0,,,
4/21/2021 15:45,0,,,
4/21/2021 15:30,0,,,
4/21/2021 15:15,0,,,
4/21/2021 15:00,0,,,
4/21/2021 14:45,0,,,
4/21/2021 14:30,0,,,
4/21/2021 14:15,0,,,
4/21/2021 14:00,0,,,
4/21/2021 13:45,0,,,
4/21/2021 13:30,0,,,
4/21/2021 13:15,0,,,
4/21/2021 13:00,0,,,
4/21/2021 12:45,0,,,
4/21/2021 12:30,0,,,
4/21/2021 12:15,0,,,
4/21/2021 12:00,0,,,
4/21/2021 11:45,0,,,
4/21/2021 11:30,0,,,
4/21/2021 11:15,0,,,
4/21/2021 11:00,0,,,
4/21/2021 10:45,0,,,
4/21/2021 10:30,0,,,
4/21/2021 10:15,0,,,
4/21/2021 10:00,0,,,
4/21/2021 9:45,0,,,
4/21/2021 9:30,0,,,
4/21/2021 9:15,0,,,
4/21/2021 9:00,0,,,
4/21/2021 8:45,0,,,
4/21/2021 8:30,0,,,
4/21/2021 8:15,0,,,
4/21/2021 8:00,0,,,
4/21/2021 7:45,0,,,
4/21/2021 7:30,0,,,
4/21/2021 7:15,0,,,
4/21/2021 7:00,0,,,
4/21/2021 6:45,0,,,
4/21/2021 6:30,0,,,
4/21/2021 6:15,0,,,
4/21/2021 6:00,0,,,
4/21/2021 5:45,0,,,
4/21/2021 5:30,0,,,
4/21/2021 5:15,0,,,
4/21/2021 5:00,0,,,
4/21/2021 4:45,0,,,
4/21/2021 4:30,0,,,
4/21/2021 4:15,0,,,
4/21/2021 4:00,0,,,
4/21/2021 3:45,0,,,
4/21/2021 3:30,0,,,
4/21/2021 3:15,0,,,
4/21/2021 3:00,0,,,
4/21/2021 2:45,0,,,
4/21/2021 2:30,0,,,
4/21/2021 2:15,0,,,
4/21/2021 2:00,0,,,
4/21/2021 1:45,0,,,
4/21/2021 1:30,0,,,
4/21/2021 1:15,0,,,
4/21/2021 1:00,0,,,
4/21/2021 0:45,0,,,
4/21/2021 0:30,0,,,
4/21/2021 0:15,0,,,
4/21/2021 0:00,0,,,
4/20/2021 23:45,0,,,
4/20/2021 23:30,0,,,
4/20/2021 23:15,0,,,
4/20/2021 23:00,0,,,
4/20/2021 22:45,0,,,
4/20/2021 22:30,0,,,
4/20/2021 22:15,0,,,
4/20/2021 22:00,0,,,
4/20/2021 21:45,0,,,
4/20/2021 21:30,0,,,
4/20/2021 21:15,0,,,
4/20/2021 21:00,0,,,
4/20/2021 20:45,0,,,
4/20/2021 20:30,0,,,
4/20/2021 20:15,0,,,
4/20/2021 20:00,0,,,
4/20/2021 19:45,0,,,
4/20/2021 19:30,0,,,
4/20/2021 19:15,0,,,
4/20/2021 19:00,0,,,
4/20/2021 18:45,0,,,
4/20/2021 18:30,0,,,
4/20/2021 18:15,0,,,
4/20/2021 18:00,0,,,
4/20/2021 17:45,0,,,
4/20/2021 17:30,0,,,
4/20/2021 17:15,0,,,
4/20/2021 17:00,0,,,
4/20/2021 16:45,0,,,
4/20/2021 16:30,0,,,
4/20/2021 16:15,0,,,
4/20/2021 16:00,0,,,
4/20/2021 15:45,0,,,
4/20/2021 15:30,0,,,
4/20/2021 15:15,0,,,
4/20/2021 15:00,0,,,
4/20/2021 14:45,0,,,
4/20/2021 14:30,0,,,
4/20/2021 14:15,0,,,
4/20/2021 14:00,0,,,
4/20/2021 13:45,0,,,
4/20/2021 13:30,0,,,
4/20/2021 13:15,0,,,
4/20/2021 13:00,0,,,
4/20/2021 12:45,0,,,
4/20/2021 12:30,0,,,
4/20/2021 12:15,0,,,
4/20/2021 12:00,0,,,
4/20/2021 11:45,0,,,
4/20/2021 11:30,0,,,
4/20/2021 11:15,0,,,
4/20/2021 11:00,0,,,
4/20/2021 10:45,0,,,
4/20/2021 10:30,0,,,
4/20/2021 10:15,0,,,
4/20/2021 10:00,0,,,
4/20/2021 9:45,0,,,
4/20/2021 9:30,0,,,
4/20/2021 9:15,0,,,
4/20/2021 9:00,0,,,
4/20/2021 8:45,0,,,
4/20/2021 8:30,0,,,
4/20/2021 8:15,0,,,
4/20/2021 8:00,0,,,
4/20/2021 7:45,0,,,
4/20/2021 7:30,0,,,
4/20/2021 7:15,0,,,
4/20/2021 7:00,0,,,
4/20/2021 6:45,0,,,
4/20/2021 6:30,0,,,
4/20/2021 6:15,0,,,
4/20/2021 6:00,0,,,
4/20/2021 5:45,0,,,
4/20/2021 5:30,0,,,
4/20/2021 5:15,0,,,
4/20/2021 5:00,0,,,
4/20/2021 4:45,0,,,
4/20/2021 4:30,0,,,
4/20/2021 4:15,0,,,
4/20/2021 4:00,0,,,
4/20/2021 3:45,0,,,
4/20/2021 3:30,0,,,
4/20/2021 3:15,0,,,
4/20/2021 3:00,0,,,
4/20/2021 2:45,0,,,
4/20/2021 2:30,0,,,
4/20/2021 2:15,0,,,
4/20/2021 2:00,0,,,
4/20/2021 1:45,0,,,
4/20/2021 1:30,0,,,
4/20/2021 1:15,0,,,
4/20/2021 1:00,0,,,
4/20/2021 0:45,0,,,
4/20/2021 0:30,0,,,
4/20/2021 0:15,0,,,
4/20/2021 0:00,0,,,
4/19/2021 23:45,0,,,
4/19/2021 23:30,0,,,
4/19/2021 23:15,0,,,
4/19/2021 23:00,0,,,
4/19/2021 22:45,0,,,
4/19/2021 22:30,0,,,
4/19/2021 22:15,0,,,
4/19/2021 22:00,0,,,
4/19/2021 21:45,0,,,
4/19/2021 21:30,0,,,
4/19/2021 21:15,0,,,
4/19/2021 21:00,0,,,
4/19/2021 20:45,0,,,
4/19/2021 20:30,0,,,
4/19/2021 20:15,0,,,
4/19/2021 20:00,0,,,
4/19/2021 19:45,0,,,
4/19/2021 19:30,0,,,
4/19/2021 19:15,0,,,
4/19/2021 19:00,0,,,
4/19/2021 18:45,0,,,
4/19/2021 18:30,0,,,
4/19/2021 18:15,0,,,
4/19/2021 18:00,0,,,
4/19/2021 17:45,0,,,
4/19/2021 17:30,0,,,
4/19/2021 17:15,0,,,
4/19/2021 17:00,0,,,
4/19/2021 16:45,0,,,
4/19/2021 16:30,0,,,
4/19/2021 16:15,0,,,
4/19/2021 16:00,0,,,
4/19/2021 15:45,0,,,
4/19/2021 15:30,0,,,
4/19/2021 15:15,0,,,
4/19/2021 15:00,0,,,
4/19/2021 14:45,0,,,
4/19/2021 14:30,0,,,
4/19/2021 14:15,0,,,
4/19/2021 14:00,0,,,
4/19/2021 13:45,0,,,
4/19/2021 13:30,0,,,
4/19/2021 13:15,0,,,
4/19/2021 13:00,0,,,
4/19/2021 12:45,0,,,
4/19/2021 12:30,0,,,
4/19/2021 12:15,0,,,
4/19/2021 12:00,0,,,
4/19/2021 11:45,0,,,
4/19/2021 11:30,0,,,
4/19/2021 11:15,0,,,
4/19/2021 11:00,0,,,
4/19/2021 10:45,0,,,
4/19/2021 10:30,0,,,
4/19/2021 10:15,0,,,
4/19/2021 10:00,0,,,
4/19/2021 9:45,0,,,
4/19/2021 9:30,0,,,
4/19/2021 9:15,0,,,
4/19/2021 9:00,0,,,
4/19/2021 8:45,0,,,
4/19/2021 8:30,0,,,
4/19/2021 8:15,0,,,
4/19/2021 8:00,0,,,
4/19/2021 7:45,0,,,
4/19/2021 7:30,0,,,
4/19/2021 7:15,0,,,
4/19/2021 7:00,0,,,
4/19/2021 6:45,0,,,
4/19/2021 6:30,0,,,
4/19/2021 6:15,0,,,
4/19/2021 6:00,0,,,
4/19/2021 5:45,0,,,
4/19/2021 5:30,0,,,
4/19/2021 5:15,0,,,
4/19/2021 5:00,0,,,
4/19/2021 4:45,0,,,
4/19/2021 4:30,0,,,
4/19/2021 4:15,0,,,
4/19/2021 4:00,0,,,
4/19/2021 3:45,0,,,
4/19/2021 3:30,0,,,
4/19/2021 3:15,0,,,
4/19/2021 3:00,0,,,
4/19/2021 2:45,0,,,
4/19/2021 2:30,0,,,
4/19/2021 2:15,0,,,
4/19/2021 2:00,0,,,
4/19/2021 1:45,0,,,
4/19/2021 1:30,0,,,
4/19/2021 1:15,0,,,
4/19/2021 1:00,0,,,
4/19/2021 0:45,0,,,
4/19/2021 0:30,0,,,
4/19/2021 0:15,0,,,
4/19/2021 0:00,0,,,
4/18/2021 23:45,0,,,
4/18/2021 23:30,0,,,
4/18/2021 23:15,0,,,
4/18/2021 23:00,0,,,
4/18/2021 22:45,0,,,
4/18/2021 22:30,0,,,
4/18/2021 22:15,0,,,
4/18/2021 22:00,0,,,
4/18/2021 21:45,0,,,
4/18/2021 21:30,0,,,
4/18/2021 21:15,0,,,
4/18/2021 21:00,0,,,
4/18/2021 20:45,0,,,
4/18/2021 20:30,0,,,
4/18/2021 20:15,0,,,
4/18/2021 20:00,0,,,
4/18/2021 19:45,0,,,
4/18/2021 19:30,0,,,
4/18/2021 19:15,0,,,
4/18/2021 19:00,0,,,
4/18/2021 18:45,0,,,
4/18/2021 18:30,0,,,
4/18/2021 18:15,0,,,
4/18/2021 18:00,0,,,
4/18/2021 17:45,0,,,
4/18/2021 17:30,0,,,
4/18/2021 17:15,0,,,
4/18/2021 17:00,0,,,
4/18/2021 16:45,0,,,
4/18/2021 16:30,0,,,
4/18/2021 16:15,0,,,
4/18/2021 16:00,0,,,
4/18/2021 15:45,0,,,
4/18/2021 15:30,0,,,
4/18/2021 15:15,0,,,
4/18/2021 15:00,0,,,
4/18/2021 14:45,0,,,
4/18/2021 14:30,0,,,
4/18/2021 14:15,0,,,
4/18/2021 14:00,0,,,
4/18/2021 13:45,0,,,
4/18/2021 13:30,0,,,
4/18/2021 13:15,0,,,
4/18/2021 13:00,0,,,
4/18/2021 12:45,0,,,
4/18/2021 12:30,0,,,
4/18/2021 12:15,0,,,
4/18/2021 12:00,0,,,
4/18/2021 11:45,0,,,
4/18/2021 11:30,0,,,
4/18/2021 11:15,0,,,
4/18/2021 11:00,0,,,
4/18/2021 10:45,0,,,
4/18/2021 10:30,0,,,
4/18/2021 10:15,0,,,
4/18/2021 10:00,0,,,
4/18/2021 9:45,0,,,
4/18/2021 9:30,0,,,
4/18/2021 9:15,0,,,
4/18/2021 9:00,0,,,
4/18/2021 8:45,0,,,
4/18/2021 8:30,0,,,
4/18/2021 8:15,0,,,
4/18/2021 8:00,0,,,
4/18/2021 7:45,0,,,
4/18/2021 7:30,0,,,
4/18/2021 7:15,0,,,
4/18/2021 7:00,0,,,
4/18/2021 6:45,0,,,
4/18/2021 6:30,0,,,
4/18/2021 6:15,0,,,
4/18/2021 6:00,0,,,
4/18/2021 5:45,0,,,
4/18/2021 5:30,0,,,
4/18/2021 5:15,0,,,
4/18/2021 5:00,0,,,
4/18/2021 4:45,0,,,
4/18/2021 4:30,0,,,
4/18/2021 4:15,0,,,
4/18/2021 4:00,0,,,
4/18/2021 3:45,0,,,
4/18/2021 3:30,0,,,
4/18/2021 3:15,0,,,
4/18/2021 3:00,0,,,
4/18/2021 2:45,0,,,
4/18/2021 2:30,0,,,
4/18/2021 2:15,0,,,
4/18/2021 2:00,0,,,
4/18/2021 1:45,0,,,
4/18/2021 1:30,0,,,
4/18/2021 1:15,0,,,
4/18/2021 1:00,0,,,
4/18/2021 0:45,0,,,
4/18/2021 0:30,0,,,
4/18/2021 0:15,0,,,
4/18/2021 0:00,0,,,
4/17/2021 23:45,0,,,
4/17/2021 23:30,0,,,
4/17/2021 23:15,0,,,
4/17/2021 23:00,0,,,
4/17/2021 22:45,0,,,
4/17/2021 22:30,0,,,
4/17/2021 22:15,0,,,
4/17/2021 22:00,0,,,
4/17/2021 21:45,0,,,
4/17/2021 21:30,0,,,
4/17/2021 21:15,0,,,
4/17/2021 21:00,0,,,
4/17/2021 20:45,0,,,
4/17/2021 20:30,0,,,
4/17/2021 20:15,0,,,
4/17/2021 20:00,0,,,
4/17/2021 19:45,0,,,
4/17/2021 19:30,0,,,
4/17/2021 19:15,0,,,
4/17/2021 19:00,0,,,
4/17/2021 18:45,0,,,
4/17/2021 18:30,0,,,
4/17/2021 18:15,0,,,
4/17/2021 18:00,0,,,
4/17/2021 17:45,0,,,
4/17/2021 17:30,0,,,
4/17/2021 17:15,0,,,
4/17/2021 17:00,0,,,
4/17/2021 16:45,0,,,
4/17/2021 16:30,0,,,
4/17/2021 16:15,0,,,
4/17/2021 16:00,0,,,
4/17/2021 15:45,0,,,
4/17/2021 15:30,0,,,
4/17/2021 15:15,0,,,
4/17/2021 15:00,0,,,
4/17/2021 14:45,0,,,
4/17/2021 14:30,0,,,
4/17/2021 14:15,0,,,
4/17/2021 14:00,0,,,
4/17/2021 13:45,0,,,
4/17/2021 13:30,0,,,
4/17/2021 13:15,0,,,
4/17/2021 13:00,0,,,
4/17/2021 12:45,0,,,
4/17/2021 12:30,0,,,
4/17/2021 12:15,0,,,
4/17/2021 12:00,0,,,
4/17/2021 11:45,0,,,
4/17/2021 11:30,0,,,
4/17/2021 11:15,0,,,
4/17/2021 11:00,0,,,
4/17/2021 10:45,0,,,
4/17/2021 10:30,0,,,
4/17/2021 10:15,0,,,
4/17/2021 10:00,0,,,
4/17/2021 9:45,0,,,
4/17/2021 9:30,0,,,
4/17/2021 9:15,0,,,
4/17/2021 9:00,0,,,
4/17/2021 8:45,0,,,
4/17/2021 8:30,0,,,
4/17/2021 8:15,0,,,
4/17/2021 8:00,0,,,
4/17/2021 7:45,0,,,
4/17/2021 7:30,0,,,
4/17/2021 7:15,0,,,
4/17/2021 7:00,0,,,
4/17/2021 6:45,0,,,
4/17/2021 6:30,0,,,
4/17/2021 6:15,0,,,
4/17/2021 6:00,0,,,
4/17/2021 5:45,0,,,
4/17/2021 5:30,0,,,
4/17/2021 5:15,0,,,
4/17/2021 5:00,0,,,
4/17/2021 4:45,0,,,
4/17/2021 4:30,0,,,
4/17/2021 4:15,0,,,
4/17/2021 4:00,0,,,
4/17/2021 3:45,0,,,
4/17/2021 3:30,0,,,
4/17/2021 3:15,0,,,
4/17/2021 3:00,0,,,
4/17/2021 2:45,0,,,
4/17/2021 2:30,0,,,
4/17/2021 2:15,0,,,
4/17/2021 2:00,0,,,
4/17/2021 1:45,0,,,
4/17/2021 1:30,0,,,
4/17/2021 1:15,0,,,
4/17/2021 1:00,0,,,
4/17/2021 0:45,0,,,
4/17/2021 0:30,0,,,
4/17/2021 0:15,0,,,
4/17/2021 0:00,0,,,
4/16/2021 23:45,0,,,
4/16/2021 23:30,0,,,
4/16/2021 23:15,0,,,
4/16/2021 23:00,0,,,
4/16/2021 22:45,0,,,
4/16/2021 22:30,0,,,
4/16/2021 22:15,0,,,
4/16/2021 22:00,0,,,
4/16/2021 21:45,0,,,
4/16/2021 21:30,0,,,
4/16/2021 21:15,0,,,
4/16/2021 21:00,0,,,
4/16/2021 20:45,0,,,
4/16/2021 20:30,0,,,
4/16/2021 20:15,0,,,
4/16/2021 20:00,0,,,
4/16/2021 19:45,0,,,
4/16/2021 19:30,0,,,
4/16/2021 19:15,0,,,
4/16/2021 19:00,0,,,
4/16/2021 18:45,0,,,
4/16/2021 18:30,0,,,
4/16/2021 18:15,0,,,
4/16/2021 18:00,0,,,
4/16/2021 17:45,0,,,
4/16/2021 17:30,0,,,
4/16/2021 17:15,0,,,
4/16/2021 17:00,0,,,
4/16/2021 16:45,0,,,
4/16/2021 16:30,0,,,
4/16/2021 16:15,0,,,
4/16/2021 16:00,0,,,
4/16/2021 15:45,0,,,
4/16/2021 15:30,0,,,
4/16/2021 15:15,0,,,
4/16/2021 15:00,0,,,
4/16/2021 14:45,0,,,
4/16/2021 14:30,0,,,
4/16/2021 14:15,0,,,
4/16/2021 14:00,0,,,
4/16/2021 13:45,0,,,
4/16/2021 13:30,0,,,
4/16/2021 13:15,0,,,
4/16/2021 13:00,0,,,
4/16/2021 12:45,0,,,
4/16/2021 12:30,0,,,
4/16/2021 12:15,0,,,
4/16/2021 12:00,0,,,
4/16/2021 11:45,0,,,
4/16/2021 11:30,0,,,
4/16/2021 11:15,0,,,
4/16/2021 11:00,0,,,
4/16/2021 10:45,0,,,
4/16/2021 10:30,0,,,
4/16/2021 10:15,0,,,
4/16/2021 10:00,0,,,
4/16/2021 9:45,0,,,
4/16/2021 9:30,0,,,
4/16/2021 9:15,0,,,
4/16/2021 9:00,0,,,
4/16/2021 8:45,0,,,
4/16/2021 8:30,0,,,
4/16/2021 8:15,0,,,
4/16/2021 8:00,0,,,
4/16/2021 7:45,0,,,
4/16/2021 7:30,0,,,
4/16/2021 7:15,0,,,
4/16/2021 7:00,0,,,
4/16/2021 6:45,0,,,
4/16/2021 6:30,0,,,
4/16/2021 6:15,0,,,
4/16/2021 6:00,0,,,
4/16/2021 5:45,0,,,
4/16/2021 5:30,0,,,
4/16/2021 5:15,0,,,
4/16/2021 5:00,0,,,
4/16/2021 4:45,0,,,
4/16/2021 4:30,0,,,
4/16/2021 4:15,0,,,
4/16/2021 4:00,0,,,
4/16/2021 3:45,0,,,
4/16/2021 3:30,0,,,
4/16/2021 3:15,0,,,
4/16/2021 3:00,0,,,
4/16/2021 2:45,0,,,
4/16/2021 2:30,0,,,
4/16/2021 2:15,0,,,
4/16/2021 2:00,0,,,
4/16/2021 1:45,0,,,
4/16/2021 1:30,0,,,
4/16/2021 1:15,0,,,
4/16/2021 1:00,0,,,
4/16/2021 0:45,0,,,
4/16/2021 0:30,0,,,
4/16/2021 0:15,0,,,
4/16/2021 0:00,0,,,
4/15/2021 23:45,0,,,
4/15/2021 23:30,0,,,
4/15/2021 23:15,0,,,
4/15/2021 23:00,0,,,
4/15/2021 22:45,0,,,
4/15/2021 22:30,0,,,
4/15/2021 22:15,0,,,
4/15/2021 22:00,0,,,
4/15/2021 21:45,0,,,
4/15/2021 21:30,0,,,
4/15/2021 21:15,0,,,
4/15/2021 21:00,0,,,
4/15/2021 20:45,0,,,
4/15/2021 20:30,0,,,
4/15/2021 20:15,0,,,
4/15/2021 20:00,0,,,
4/15/2021 19:45,0,,,
4/15/2021 19:30,0,,,
4/15/2021 19:15,0,,,
4/15/2021 19:00,0,,,
4/15/2021 18:45,0,,,
4/15/2021 18:30,0,,,
4/15/2021 18:15,0,,,
4/15/2021 18:00,0,,,
4/15/2021 17:45,0,,,
4/15/2021 17:30,0,,,
4/15/2021 17:15,0,,,
4/15/2021 17:00,0,,,
4/15/2021 16:45,0,,,
4/15/2021 16:30,0,,,
4/15/2021 16:15,0,,,
4/15/2021 16:00,0,,,
4/15/2021 15:45,0,,,
4/15/2021 15:30,0,,,
4/15/2021 15:15,0,,,
4/15/2021 15:00,0,,,
4/15/2021 14:45,0,,,
4/15/2021 14:30,0,,,
4/15/2021 14:15,0,,,
4/15/2021 14:00,0,,,
4/15/2021 13:45,0,,,
4/15/2021 13:30,0,,,
4/15/2021 13:15,0,,,
4/15/2021 13:00,0,,,
4/15/2021 12:45,0,,,
4/15/2021 12:30,0,,,
4/15/2021 12:15,0,,,
4/15/2021 12:00,0,,,
4/15/2021 11:45,0,,,
4/15/2021 11:30,0,,,
4/15/2021 11:15,0,,,
4/15/2021 11:00,0,,,
4/15/2021 10:45,0,,,
4/15/2021 10:30,0,,,
4/15/2021 10:15,0,,,
4/15/2021 10:00,0,,,
4/15/2021 9:45,0,,,
4/15/2021 9:30,0,,,
4/15/2021 9:15,0,,,
4/15/2021 9:00,0,,,
4/15/2021 8:45,0,,,
4/15/2021 8:30,0,,,
4/15/2021 8:15,0,,,
4/15/2021 8:00,0,,,
4/15/2021 7:45,0,,,
4/15/2021 7:30,0,,,
4/15/2021 7:15,0,,,
4/15/2021 7:00,0,,,
4/15/2021 6:45,0,,,
4/15/2021 6:30,0,,,
4/15/2021 6:15,0,,,
4/15/2021 6:00,0,,,
4/15/2021 5:45,0,,,
4/15/2021 5:30,0,,,
4/15/2021 5:15,0,,,
4/15/2021 5:00,0,,,
4/15/2021 4:45,0,,,
4/15/2021 4:30,0,,,
4/15/2021 4:15,0,,,
4/15/2021 4:00,0,,,
4/15/2021 3:45,0,,,
4/15/2021 3:30,0,,,
4/15/2021 3:15,0,,,
4/15/2021 3:00,0,,,
4/15/2021 2:45,0,,,
4/15/2021 2:30,0,,,
4/15/2021 2:15,0,,,
4/15/2021 2:00,0,,,
4/15/2021 1:45,0,,,
4/15/2021 1:30,0,,,
4/15/2021 1:15,0,,,
4/15/2021 1:00,0,,,
4/15/2021 0:45,0,,,
4/15/2021 0:30,0,,,
4/15/2021 0:15,0,,,
4/15/2021 0:00,0,,,
4/14/2021 23:45,0,,,
4/14/2021 23:30,0,,,
4/14/2021 23:15,0,,,
4/14/2021 23:00,0,,,
4/14/2021 22:45,0,,,
4/14/2021 22:30,0,,,
4/14/2021 22:15,0,,,
4/14/2021 22:00,0,,,
4/14/2021 21:45,0,,,
4/14/2021 21:30,0,,,
4/14/2021 21:15,0,,,
4/14/2021 21:00,0,,,
4/14/2021 20:45,0,,,
4/14/2021 20:30,0,,,
4/14/2021 20:15,0,,,
4/14/2021 20:00,0,,,
4/14/2021 19:45,0,,,
4/14/2021 19:30,0,,,
4/14/2021 19:15,0,,,
4/14/2021 19:00,0,,,
4/14/2021 18:45,0,,,
4/14/2021 18:30,0,,,
4/14/2021 18:15,0,,,
4/14/2021 18:00,0,,,
4/14/2021 17:45,0,,,
4/14/2021 17:30,0,,,
4/14/2021 17:15,0,,,
4/14/2021 17:00,0,,,
4/14/2021 16:45,0,,,
4/14/2021 16:30,0,,,
4/14/2021 16:15,0,,,
4/14/2021 16:00,0,,,
4/14/2021 15:45,0,,,
4/14/2021 15:30,0,,,
4/14/2021 15:15,0,,,
4/14/2021 15:00,0,,,
4/14/2021 14:45,0,,,
4/14/2021 14:30,0,,,
4/14/2021 14:15,0,,,
4/14/2021 14:00,0,,,
4/14/2021 13:45,0,,,
4/14/2021 13:30,0,,,
4/14/2021 13:15,0,,,
4/14/2021 13:00,0,,,
4/14/2021 12:45,0,,,
4/14/2021 12:30,0,,,
4/14/2021 12:15,0,,,
4/14/2021 12:00,0,,,
4/14/2021 11:45,0,,,
4/14/2021 11:30,0,,,
4/14/2021 11:15,0,,,
4/14/2021 11:00,0,,,
4/14/2021 10:45,0,,,
4/14/2021 10:30,0,,,
4/14/2021 10:15,0,,,
4/14/2021 10:00,0,,,
4/14/2021 9:45,0,,,
4/14/2021 9:30,0,,,
4/14/2021 9:15,0,,,
4/14/2021 9:00,0,,,
4/14/2021 8:45,0,,,
4/14/2021 8:30,0,,,
4/14/2021 8:15,0,,,
4/14/2021 8:00,0,,,
4/14/2021 7:45,0,,,
4/14/2021 7:30,0,,,
4/14/2021 7:15,0,,,
4/14/2021 7:00,0,,,
4/14/2021 6:45,0,,,
4/14/2021 6:30,0,,,
4/14/2021 6:15,0,,,
4/14/2021 6:00,0,,,
4/14/2021 5:45,0,,,
4/14/2021 5:30,0,,,
4/14/2021 5:15,0,,,
4/14/2021 5:00,0,,,
4/14/2021 4:45,0,,,
4/14/2021 4:30,0,,,
4/14/2021 4:15,0,,,
4/14/2021 4:00,0,,,
4/14/2021 3:45,0,,,
4/14/2021 3:30,0,,,
4/14/2021 3:15,0,,,
4/14/2021 3:00,0,,,
4/14/2021 2:45,0,,,
4/14/2021 2:30,0,,,
4/14/2021 2:15,0,,,
4/14/2021 2:00,0,,,
4/14/2021 1:45,0,,,
4/14/2021 1:30,0,,,
4/14/2021 1:15,0,,,
4/14/2021 1:00,0,,,
4/14/2021 0:45,0,,,
4/14/2021 0:30,0,,,
4/14/2021 0:15,0,,,
4/14/2021 0:00,0,,,
4/13/2021 23:45,0,,,
4/13/2021 23:30,0,,,
4/13/2021 23:15,0,,,
4/13/2021 23:00,0,,,
4/13/2021 22:45,0,,,
4/13/2021 22:30,0,,,
4/13/2021 22:15,0,,,
4/13/2021 22:00,0,,,
4/13/2021 21:45,0,,,
4/13/2021 21:30,0,,,
4/13/2021 21:15,0,,,
4/13/2021 21:00,0,,,
4/13/2021 20:45,0,,,
4/13/2021 20:30,0,,,
4/13/2021 20:15,0,,,
4/13/2021 20:00,0,,,
4/13/2021 19:45,0,,,
4/13/2021 19:30,0,,,
4/13/2021 19:15,0,,,
4/13/2021 19:00,0,,,
4/13/2021 18:45,0,,,
4/13/2021 18:30,0,,,
4/13/2021 18:15,0,,,
4/13/2021 18:00,0,,,
4/13/2021 17:45,0,,,
4/13/2021 17:30,0,,,
4/13/2021 17:15,0,,,
4/13/2021 17:00,0,,,
4/13/2021 16:45,0,,,
4/13/2021 16:30,0,,,
4/13/2021 16:15,0,,,
4/13/2021 16:00,0,,,
4/13/2021 15:45,0,,,
4/13/2021 15:30,0,,,
4/13/2021 15:15,0,,,
4/13/2021 15:00,0,,,
4/13/2021 14:45,0,,,
4/13/2021 14:30,0,,,
4/13/2021 14:15,0,,,
4/13/2021 14:00,0,,,
4/13/2021 13:45,0,,,
4/13/2021 13:30,0,,,
4/13/2021 13:15,0,,,
4/13/2021 13:00,0,,,
4/13/2021 12:45,0,,,
4/13/2021 12:30,0,,,
4/13/2021 12:15,0,,,
4/13/2021 12:00,0,,,
4/13/2021 11:45,0,,,
4/13/2021 11:30,0,,,
4/13/2021 11:15,0,,,
4/13/2021 11:00,0,,,
4/13/2021 10:45,0,,,
4/13/2021 10:30,0,,,
4/13/2021 10:15,0,,,
4/13/2021 10:00,0,,,
4/13/2021 9:45,0,,,
4/13/2021 9:30,0,,,
4/13/2021 9:15,0,,,
4/13/2021 9:00,0,,,
4/13/2021 8:45,0,,,
4/13/2021 8:30,0,,,
4/13/2021 8:15,0,,,
4/13/2021 8:00,0,,,
4/13/2021 7:45,0,,,
4/13/2021 7:30,0,,,
4/13/2021 7:15,0,,,
4/13/2021 7:00,0,,,
4/13/2021 6:45,0,,,
4/13/2021 6:30,0,,,
4/13/2021 6:15,0,,,
4/13/2021 6:00,0,,,
4/13/2021 5:45,0,,,
4/13/2021 5:30,0,,,
4/13/2021 5:15,0,,,
4/13/2021 5:00,0,,,
4/13/2021 4:45,0,,,
4/13/2021 4:30,0,,,
4/13/2021 4:15,0,,,
4/13/2021 4:00,0,,,
4/13/2021 3:45,0,,,
4/13/2021 3:30,0,,,
4/13/2021 3:15,0,,,
4/13/2021 3:00,0,,,
4/13/2021 2:45,0,,,
4/13/2021 2:30,0,,,
4/13/2021 2:15,0,,,
4/13/2021 2:00,0,,,
4/13/2021 1:45,0,,,
4/13/2021 1:30,0,,,
4/13/2021 1:15,0,,,
4/13/2021 1:00,0,,,
4/13/2021 0:45,0,,,
4/13/2021 0:30,0,,,
4/13/2021 0:15,0,,,
4/13/2021 0:00,0,,,
4/12/2021 23:45,0,,,
4/12/2021 23:30,0,,,
4/12/2021 23:15,0,,,
4/12/2021 23:00,0,,,
4/12/2021 22:45,0,,,
4/12/2021 22:30,0,,,
4/12/2021 22:15,0,,,
4/12/2021 22:00,0,,,
4/12/2021 21:45,0,,,
4/12/2021 21:30,0,,,
4/12/2021 21:15,0,,,
4/12/2021 21:00,0,,,
4/12/2021 20:45,0,,,
4/12/2021 20:30,0,,,
4/12/2021 20:15,0,,,
4/12/2021 20:00,0,,,
4/12/2021 19:45,0,,,
4/12/2021 19:30,0,,,
4/12/2021 19:15,0,,,
4/12/2021 19:00,0,,,
4/12/2021 18:45,0,,,
4/12/2021 18:30,0,,,
4/12/2021 18:15,0,,,
4/12/2021 18:00,0,,,
4/12/2021 17:45,0,,,
4/12/2021 17:30,0,,,
4/12/2021 17:15,0,,,
4/12/2021 17:00,0,,,
4/12/2021 16:45,0,,,
4/12/2021 16:30,0,,,
4/12/2021 16:15,0,,,
4/12/2021 16:00,0,,,
4/12/2021 15:45,0,,,
4/12/2021 15:30,0,,,
4/12/2021 15:15,0,,,
4/12/2021 15:00,0,,,
4/12/2021 14:45,0,,,
4/12/2021 14:30,0,,,
4/12/2021 14:15,0,,,
4/12/2021 14:00,0,,,
4/12/2021 13:45,0,,,
4/12/2021 13:30,0,,,
4/12/2021 13:15,0,,,
4/12/2021 13:00,0,,,
4/12/2021 12:45,0,,,
4/12/2021 12:30,0,,,
4/12/2021 12:15,0,,,
4/12/2021 12:00,0,,,
4/12/2021 11:45,0,,,
4/12/2021 11:30,0,,,
4/12/2021 11:15,0,,,
4/12/2021 11:00,0,,,
4/12/2021 10:45,0,,,
4/12/2021 10:30,0,,,
4/12/2021 10:15,0,,,
4/12/2021 10:00,0,,,
4/12/2021 9:45,0,,,
4/12/2021 9:30,0,,,
4/12/2021 9:15,0,,,
4/12/2021 9:00,0,,,
4/12/2021 8:45,0,,,
4/12/2021 8:30,0,,,
4/12/2021 8:15,0,,,
4/12/2021 8:00,0,,,
4/12/2021 7:45,0,,,
4/12/2021 7:30,0,,,
4/12/2021 7:15,0,,,
4/12/2021 7:00,0,,,
4/12/2021 6:45,0,,,
4/12/2021 6:30,0,,,
4/12/2021 6:15,0,,,
4/12/2021 6:00,0,,,
4/12/2021 5:45,0,,,
4/12/2021 5:30,0,,,
4/12/2021 5:15,0,,,
4/12/2021 5:00,0,,,
4/12/2021 4:45,0,,,
4/12/2021 4:30,0,,,
4/12/2021 4:15,0,,,
4/12/2021 4:00,0,,,
4/12/2021 3:45,0,,,
4/12/2021 3:30,0,,,
4/12/2021 3:15,0,,,
4/12/2021 3:00,0,,,
4/12/2021 2:45,0,,,
4/12/2021 2:30,0,,,
4/12/2021 2:15,0,,,
4/12/2021 2:00,0,,,
4/12/2021 1:45,0,,,
4/12/2021 1:30,0,,,
4/12/2021 1:15,0,,,
4/12/2021 1:00,0,,,
4/12/2021 0:45,0,,,
4/12/2021 0:30,0,,,
4/12/2021 0:15,0,,,
4/12/2021 0:00,0,,,
4/11/2021 23:45,0,,,
4/11/2021 23:30,0,,,
4/11/2021 23:15,0,,,
4/11/2021 23:00,0,,,
4/11/2021 22:45,0,,,
4/11/2021 22:30,0,,,
4/11/2021 22:15,0,,,
4/11/2021 22:00,0,,,
4/11/2021 21:45,0,,,
4/11/2021 21:30,0,,,
4/11/2021 21:15,0,,,
4/11/2021 21:00,0,,,
4/11/2021 20:45,0,,,
4/11/2021 20:30,0,,,
4/11/2021 20:15,0,,,
4/11/2021 20:00,0,,,
4/11/2021 19:45,0,,,
4/11/2021 19:30,0,,,
4/11/2021 19:15,0,,,
4/11/2021 19:00,0,,,
4/11/2021 18:45,0,,,
4/11/2021 18:30,0,,,
4/11/2021 18:15,0,,,
4/11/2021 18:00,0,,,
4/11/2021 17:45,0,,,
4/11/2021 17:30,0,,,
4/11/2021 17:15,0,,,
4/11/2021 17:00,0,,,
4/11/2021 16:45,0,,,
4/11/2021 16:30,0,,,
4/11/2021 16:15,0,,,
4/11/2021 16:00,0,,,
4/11/2021 15:45,0,,,
4/11/2021 15:30,0,,,
4/11/2021 15:15,0,,,
4/11/2021 15:00,0,,,
4/11/2021 14:45,0,,,
4/11/2021 14:30,0,,,
4/11/2021 14:15,0,,,
4/11/2021 14:00,0,,,
4/11/2021 13:45,0,,,
4/11/2021 13:30,0,,,
4/11/2021 13:15,0,,,
4/11/2021 13:00,0,,,
4/11/2021 12:45,0,,,
4/11/2021 12:30,0,,,
4/11/2021 12:15,0,,,
4/11/2021 12:00,0,,,
4/11/2021 11:45,0,,,
4/11/2021 11:30,0,,,
4/11/2021 11:15,0,,,
4/11/2021 11:00,0,,,
4/11/2021 10:45,0,,,
4/11/2021 10:30,0,,,
4/11/2021 10:15,0,,,
4/11/2021 10:00,0,,,
4/11/2021 9:45,0,,,
4/11/2021 9:30,0,,,
4/11/2021 9:15,0,,,
4/11/2021 9:00,0,,,
4/11/2021 8:45,0,,,
4/11/2021 8:30,0,,,
4/11/2021 8:15,0,,,
4/11/2021 8:00,0,,,
4/11/2021 7:45,0,,,
4/11/2021 7:30,0,,,
4/11/2021 7:15,0,,,
4/11/2021 7:00,0,,,
4/11/2021 6:45,0,,,
4/11/2021 6:30,0,,,
4/11/2021 6:15,0,,,
4/11/2021 6:00,0,,,
4/11/2021 5:45,0,,,
4/11/2021 5:30,0,,,
4/11/2021 5:15,0,,,
4/11/2021 5:00,0,,,
4/11/2021 4:45,0,,,
4/11/2021 4:30,0,,,
4/11/2021 4:15,0,,,
4/11/2021 4:00,0,,,
4/11/2021 3:45,0,,,
4/11/2021 3:30,0,,,
4/11/2021 3:15,0,,,
4/11/2021 3:00,0,,,
4/11/2021 2:45,0,,,
4/11/2021 2:30,0,,,
4/11/2021 2:15,0,,,
4/11/2021 2:00,0,,,
4/11/2021 1:45,0,,,
4/11/2021 1:30,0,,,
4/11/2021 1:15,0,,,
4/11/2021 1:00,0,,,
4/11/2021 0:45,0,,,
4/11/2021 0:30,0,,,
4/11/2021 0:15,0,,,
4/11/2021 0:00,0,,,
4/10/2021 23:45,0,,,
4/10/2021 23:30,0,,,
4/10/2021 23:15,0,,,
4/10/2021 23:00,0,,,
4/10/2021 22:45,0,,,
4/10/2021 22:30,0,,,
4/10/2021 22:15,0,,,
4/10/2021 22:00,0,,,
4/10/2021 21:45,0,,,
4/10/2021 21:30,0,,,
4/10/2021 21:15,0,,,
4/10/2021 21:00,0,,,
4/10/2021 20:45,0,,,
4/10/2021 20:30,0,,,
4/10/2021 20:15,0,,,
4/10/2021 20:00,0,,,
4/10/2021 19:45,0,,,
4/10/2021 19:30,0,,,
4/10/2021 19:15,0,,,
4/10/2021 19:00,0,,,
4/10/2021 18:45,0,,,
4/10/2021 18:30,0,,,
4/10/2021 18:15,0,,,
4/10/2021 18:00,0,,,
4/10/2021 17:45,0,,,
4/10/2021 17:30,0,,,
4/10/2021 17:15,0,,,
4/10/2021 17:00,0,,,
4/10/2021 16:45,0,,,
4/10/2021 16:30,0,,,
4/10/2021 16:15,0,,,
4/10/2021 16:00,0,,,
4/10/2021 15:45,0,,,
4/10/2021 15:30,0,,,
4/10/2021 15:15,0,,,
4/10/2021 15:00,0,,,
4/10/2021 14:45,0,,,
4/10/2021 14:30,0,,,
4/10/2021 14:15,0,,,
4/10/2021 14:00,0,,,
4/10/2021 13:45,0,,,
4/10/2021 13:30,0,,,
4/10/2021 13:15,0,,,
4/10/2021 13:00,0,,,
4/10/2021 12:45,0,,,
4/10/2021 12:30,0,,,
4/10/2021 12:15,0,,,
4/10/2021 12:00,0,,,
4/10/2021 11:45,0,,,
4/10/2021 11:30,0,,,
4/10/2021 11:15,0,,,
4/10/2021 11:00,0,,,
4/10/2021 10:45,0,,,
4/10/2021 10:30,0,,,
4/10/2021 10:15,0,,,
4/10/2021 10:00,0,,,
4/10/2021 9:45,0,,,
4/10/2021 9:30,0,,,
4/10/2021 9:15,0,,,
4/10/2021 9:00,0,,,
4/10/2021 8:45,0,,,
4/10/2021 8:30,0,,,
4/10/2021 8:15,0,,,
4/10/2021 8:00,0,,,
4/10/2021 7:45,0,,,
4/10/2021 7:30,0,,,
4/10/2021 7:15,0,,,
4/10/2021 7:00,0,,,
4/10/2021 6:45,0,,,
4/10/2021 6:30,0,,,
4/10/2021 6:15,0,,,
4/10/2021 6:00,0,,,
4/10/2021 5:45,0,,,
4/10/2021 5:30,0,,,
4/10/2021 5:15,0,,,
4/10/2021 5:00,0,,,
4/10/2021 4:45,0,,,
4/10/2021 4:30,0,,,
4/10/2021 4:15,0,,,
4/10/2021 4:00,0,,,
4/10/2021 3:45,0,,,
4/10/2021 3:30,0,,,
4/10/2021 3:15,0,,,
4/10/2021 3:00,0,,,
4/10/2021 2:45,0,,,
4/10/2021 2:30,0,,,
4/10/2021 2:15,0,,,
4/10/2021 2:00,0,,,
4/10/2021 1:45,0,,,
4/10/2021 1:30,0,,,
4/10/2021 1:15,0,,,
4/10/2021 1:00,0,,,
4/10/2021 0:45,0,,,
4/10/2021 0:30,0,,,
4/10/2021 0:15,0,,,
4/10/2021 0:00,0,,,
4/9/2021 23:45,0,,,
4/9/2021 23:30,0,,,
4/9/2021 23:15,0,,,
4/9/2021 23:00,0,,,
4/9/2021 22:45,0,,,
4/9/2021 22:30,0,,,
4/9/2021 22:15,0,,,
4/9/2021 22:00,0,,,
4/9/2021 21:45,0,,,
4/9/2021 21:30,0,,,
4/9/2021 21:15,0,,,
4/9/2021 21:00,0,,,
4/9/2021 20:45,0,,,
4/9/2021 20:30,0,,,
4/9/2021 20:15,0,,,
4/9/2021 20:00,0,,,
4/9/2021 19:45,0,,,
4/9/2021 19:30,0,,,
4/9/2021 19:15,0,,,
4/9/2021 19:00,0,,,
4/9/2021 18:45,0,,,
4/9/2021 18:30,0,,,
4/9/2021 18:15,0,,,
4/9/2021 18:00,0,,,
4/9/2021 17:45,0,,,
4/9/2021 17:30,0,,,
4/9/2021 17:15,0,,,
4/9/2021 17:00,0,,,
4/9/2021 16:45,0,,,
4/9/2021 16:30,0,,,
4/9/2021 16:15,0,,,
4/9/2021 16:00,0,,,
4/9/2021 15:45,0,,,
4/9/2021 15:30,0,,,
4/9/2021 15:15,0,,,
4/9/2021 15:00,0,,,
4/9/2021 14:45,0,,,
4/9/2021 14:30,0,,,
4/9/2021 14:15,0,,,
4/9/2021 14:00,0,,,
4/9/2021 13:45,0,,,
4/9/2021 13:30,0,,,
4/9/2021 13:15,0,,,
4/9/2021 13:00,0,,,
4/9/2021 12:45,0,,,
4/9/2021 12:30,0,,,
4/9/2021 12:15,0,,,
4/9/2021 12:00,0,,,
4/9/2021 11:45,0,,,
4/9/2021 11:30,0,,,
4/9/2021 11:15,0,,,
4/9/2021 11:00,0,,,
4/9/2021 10:45,0,,,
4/9/2021 10:30,0,,,
4/9/2021 10:15,0,,,
4/9/2021 10:00,0,,,
4/9/2021 9:45,0,,,
4/9/2021 9:30,0,,,
4/9/2021 9:15,0,,,
4/9/2021 9:00,0,,,
4/9/2021 8:45,0,,,
4/9/2021 8:30,0,,,
4/9/2021 8:15,0,,,
4/9/2021 8:00,0,,,
4/9/2021 7:45,0,,,
4/9/2021 7:30,0,,,
4/9/2021 7:15,0,,,
4/9/2021 7:00,0,,,
4/9/2021 6:45,0,,,
4/9/2021 6:30,0,,,
4/9/2021 6:15,0,,,
4/9/2021 6:00,0,,,
4/9/2021 5:45,0,,,
4/9/2021 5:30,0,,,
4/9/2021 5:15,0,,,
4/9/2021 5:00,0,,,
4/9/2021 4:45,0,,,
4/9/2021 4:30,0,,,
4/9/2021 4:15,0,,,
4/9/2021 4:00,0,,,
4/9/2021 3:45,0,,,
4/9/2021 3:30,0,,,
4/9/2021 3:15,0,,,
4/9/2021 3:00,0,,,
4/9/2021 2:45,0,,,
4/9/2021 2:30,0,,,
4/9/2021 2:15,0,,,
4/9/2021 2:00,0,,,
4/9/2021 1:45,0,,,
4/9/2021 1:30,0,,,
4/9/2021 1:15,0,,,
4/9/2021 1:00,0,,,
4/9/2021 0:45,0,,,
4/9/2021 0:30,0,,,
4/9/2021 0:15,0,,,
4/9/2021 0:00,0,,,
4/8/2021 23:45,0,,,
4/8/2021 23:30,0,,,
4/8/2021 23:15,0,,,
4/8/2021 23:00,0,,,
4/8/2021 22:45,0,,,
4/8/2021 22:30,0,,,
4/8/2021 22:15,0,,,
4/8/2021 22:00,0,,,
4/8/2021 21:45,0,,,
4/8/2021 21:30,0,,,
4/8/2021 21:15,0,,,
4/8/2021 21:00,0,,,
4/8/2021 20:45,0,,,
4/8/2021 20:30,0,,,
4/8/2021 20:15,0,,,
4/8/2021 20:00,0,,,
4/8/2021 19:45,0,,,
4/8/2021 19:30,0,,,
4/8/2021 19:15,0,,,
4/8/2021 19:00,0,,,
4/8/2021 18:45,0,,,
4/8/2021 18:30,0,,,
4/8/2021 18:15,0,,,
4/8/2021 18:00,0,,,
4/8/2021 17:45,0,,,
4/8/2021 17:30,0,,,
4/8/2021 17:15,0,,,
4/8/2021 17:00,0,,,
4/8/2021 16:45,0,,,
4/8/2021 16:30,0,,,
4/8/2021 16:15,0,,,
4/8/2021 16:00,0,,,
4/8/2021 15:45,0,,,
4/8/2021 15:30,0,,,
4/8/2021 15:15,0,,,
4/8/2021 15:00,0,,,
4/8/2021 14:45,0,,,
4/8/2021 14:30,0,,,
4/8/2021 14:15,0,,,
4/8/2021 14:00,0,,,
4/8/2021 13:45,0,,,
4/8/2021 13:30,0,,,
4/8/2021 13:15,0,,,
4/8/2021 13:00,0,,,
4/8/2021 12:45,0,,,
4/8/2021 12:30,0,,,
4/8/2021 12:15,0,,,
4/8/2021 12:00,0,,,
4/8/2021 11:45,0,,,
4/8/2021 11:30,0,,,
4/8/2021 11:15,0,,,
4/8/2021 11:00,0,,,
4/8/2021 10:45,0,,,
4/8/2021 10:30,0,,,
4/8/2021 10:15,0,,,
4/8/2021 10:00,0,,,
4/8/2021 9:45,0,,,
4/8/2021 9:30,0,,,
4/8/2021 9:15,0,,,
4/8/2021 9:00,0,,,
4/8/2021 8:45,0,,,
4/8/2021 8:30,0,,,
4/8/2021 8:15,0,,,
4/8/2021 8:00,0,,,
4/8/2021 7:45,0,,,
4/8/2021 7:30,0,,,
4/8/2021 7:15,0,,,
4/8/2021 7:00,0,,,
4/8/2021 6:45,0,,,
4/8/2021 6:30,0,,,
4/8/2021 6:15,0,,,
4/8/2021 6:00,0,,,
4/8/2021 5:45,0,,,
4/8/2021 5:30,0,,,
4/8/2021 5:15,0,,,
4/8/2021 5:00,0,,,
4/8/2021 4:45,0,,,
4/8/2021 4:30,0,,,
4/8/2021 4:15,0,,,
4/8/2021 4:00,0,,,
4/8/2021 3:45,0,,,
4/8/2021 3:30,0,,,
4/8/2021 3:15,0,,,
4/8/2021 3:00,0,,,
4/8/2021 2:45,0,,,
4/8/2021 2:30,0,,,
4/8/2021 2:15,0,,,
4/8/2021 2:00,0,,,
4/8/2021 1:45,0,,,
4/8/2021 1:30,0,,,
4/8/2021 1:15,0,,,
4/8/2021 1:00,0,,,
4/8/2021 0:45,0,,,
4/8/2021 0:30,0,,,
4/8/2021 0:15,0,,,
4/8/2021 0:00,0,,,
4/7/2021 23:45,0,,,
4/7/2021 23:30,0,,,
4/7/2021 23:15,0,,,
4/7/2021 23:00,0,,,
4/7/2021 22:45,0,,,
4/7/2021 22:30,0,,,
4/7/2021 22:15,0,,,
4/7/2021 22:00,0,,,
4/7/2021 21:45,0,,,
4/7/2021 21:30,0,,,
4/7/2021 21:15,0,,,
4/7/2021 21:00,0,,,
4/7/2021 20:45,0,,,
4/7/2021 20:30,0,,,
4/7/2021 20:15,0,,,
4/7/2021 20:00,0,,,
4/7/2021 19:45,0,,,
4/7/2021 19:30,0,,,
4/7/2021 19:15,0,,,
4/7/2021 19:00,0,,,
4/7/2021 18:45,0,,,
4/7/2021 18:30,0,,,
4/7/2021 18:15,0,,,
4/7/2021 18:00,0,,,
4/7/2021 17:45,0,,,
4/7/2021 17:30,0,,,
4/7/2021 17:15,0,,,
4/7/2021 17:00,0,,,
4/7/2021 16:45,0,,,
4/7/2021 16:30,0,,,
4/7/2021 16:15,0,,,
4/7/2021 16:00,0,,,
4/7/2021 15:45,0,,,
4/7/2021 15:30,0,,,
4/7/2021 15:15,0,,,
4/7/2021 15:00,0,,,
4/7/2021 14:45,0,,,
4/7/2021 14:30,0,,,
4/7/2021 14:15,0,,,
4/7/2021 14:00,0,,,
4/7/2021 13:45,0,,,
4/7/2021 13:30,0,,,
4/7/2021 13:15,0,,,
4/7/2021 13:00,0,,,
4/7/2021 12:45,0,,,
4/7/2021 12:30,0,,,
4/7/2021 12:15,0,,,
4/7/2021 12:00,0,,,
4/7/2021 11:45,0,,,
4/7/2021 11:30,0,,,
4/7/2021 11:15,0,,,
4/7/2021 11:00,0,,,
4/7/2021 10:45,0,,,
4/7/2021 10:30,0,,,
4/7/2021 10:15,0,,,
4/7/2021 10:00,0,,,
4/7/2021 9:45,0,,,
4/7/2021 9:30,0,,,
4/7/2021 9:15,0,,,
4/7/2021 9:00,0,,,
4/7/2021 8:45,0,,,
4/7/2021 8:30,0,,,
4/7/2021 8:15,0,,,
4/7/2021 8:00,0,,,
4/7/2021 7:45,0,,,
4/7/2021 7:30,0,,,
4/7/2021 7:15,0,,,
4/7/2021 7:00,0,,,
4/7/2021 6:45,0,,,
4/7/2021 6:30,0,,,
4/7/2021 6:15,0,,,
4/7/2021 6:00,0,,,
4/7/2021 5:45,0,,,
4/7/2021 5:30,0,,,
4/7/2021 5:15,0,,,
4/7/2021 5:00,0,,,
4/7/2021 4:45,0,,,
4/7/2021 4:30,0,,,
4/7/2021 4:15,0,,,
4/7/2021 4:00,0,,,
4/7/2021 3:45,0,,,
4/7/2021 3:30,0,,,
4/7/2021 3:15,0,,,
4/7/2021 3:00,0,,,
4/7/2021 2:45,0,,,
4/7/2021 2:30,0,,,
4/7/2021 2:15,0,,,
4/7/2021 2:00,0,,,
4/7/2021 1:45,0,,,
4/7/2021 1:30,0,,,
4/7/2021 1:15,0,,,
4/7/2021 1:00,0,,,
4/7/2021 0:45,0,,,
4/7/2021 0:30,0,,,
4/7/2021 0:15,0,,,
4/7/2021 0:00,0,,,
4/6/2021 23:45,0,,,
4/6/2021 23:30,0,,,
4/6/2021 23:15,0,,,
4/6/2021 23:00,0,,,
4/6/2021 22:45,0,,,
4/6/2021 22:30,0,,,
4/6/2021 22:15,0,,,
4/6/2021 22:00,0,,,
4/6/2021 21:45,0,,,
4/6/2021 21:30,0,,,
4/6/2021 21:15,0,,,
4/6/2021 21:00,0,,,
4/6/2021 20:45,0,,,
4/6/2021 20:30,0,,,
4/6/2021 20:15,0,,,
4/6/2021 20:00,0,,,
4/6/2021 19:45,0,,,
4/6/2021 19:30,0,,,
4/6/2021 19:15,0,,,
4/6/2021 19:00,0,,,
4/6/2021 18:45,0,,,
4/6/2021 18:30,0,,,
4/6/2021 18:15,0,,,
4/6/2021 18:00,0,,,
4/6/2021 17:45,0,,,
4/6/2021 17:30,0,,,
4/6/2021 17:15,0,,,
4/6/2021 17:00,0,,,
4/6/2021 16:45,0,,,
4/6/2021 16:30,0,,,
4/6/2021 16:15,0,,,
4/6/2021 16:00,0,,,
4/6/2021 15:45,0,,,
4/6/2021 15:30,0,,,
4/6/2021 15:15,0,,,
4/6/2021 15:00,0,,,
4/6/2021 14:45,0,,,
4/6/2021 14:30,0,,,
4/6/2021 14:15,0,,,
4/6/2021 14:00,0,,,
4/6/2021 13:45,0,,,
4/6/2021 13:30,0,,,
4/6/2021 13:15,0,,,
4/6/2021 13:00,0,,,
4/6/2021 12:45,0,,,
4/6/2021 12:30,0,,,
4/6/2021 12:15,0,,,
4/6/2021 12:00,0,,,
4/6/2021 11:45,0,,,
4/6/2021 11:30,0,,,
4/6/2021 11:15,0,,,
4/6/2021 11:00,0,,,
4/6/2021 10:45,0,,,
4/6/2021 10:30,0,,,
4/6/2021 10:15,0,,,
4/6/2021 10:00,0,,,
4/6/2021 9:45,0,,,
4/6/2021 9:30,0,,,
4/6/2021 9:15,0,,,
4/6/2021 9:00,0,,,
4/6/2021 8:45,0,,,
4/6/2021 8:30,0,,,
4/6/2021 8:15,0,,,
4/6/2021 8:00,0,,,
4/6/2021 7:45,0,,,
4/6/2021 7:30,0,,,
4/6/2021 7:15,0,,,
4/6/2021 7:00,0,,,
4/6/2021 6:45,0,,,
4/6/2021 6:30,0,,,
4/6/2021 6:15,0,,,
4/6/2021 6:00,0,,,
4/6/2021 5:45,0,,,
4/6/2021 5:30,0,,,
4/6/2021 5:15,0,,,
4/6/2021 5:00,0,,,
4/6/2021 4:45,0,,,
4/6/2021 4:30,0,,,
4/6/2021 4:15,0,,,
4/6/2021 4:00,0,,,
4/6/2021 3:45,0,,,
4/6/2021 3:30,0,,,
4/6/2021 3:15,0,,,
4/6/2021 3:00,0,,,
4/6/2021 2:45,0,,,
4/6/2021 2:30,0,,,
4/6/2021 2:15,0,,,
4/6/2021 2:00,0,,,
4/6/2021 1:45,0,,,
4/6/2021 1:30,0,,,
4/6/2021 1:15,0,,,
4/6/2021 1:00,0,,,
4/6/2021 0:45,0,,,
4/6/2021 0:30,0,,,
4/6/2021 0:15,0,,,
4/6/2021 0:00,0,,,
4/5/2021 23:45,0,,,
4/5/2021 23:30,0,,,
4/5/2021 23:15,0,,,
4/5/2021 23:00,0,,,
4/5/2021 22:45,0,,,
4/5/2021 22:30,0,,,
4/5/2021 22:15,0,,,
4/5/2021 22:00,0,,,
4/5/2021 21:45,0,,,
4/5/2021 21:30,0,,,
4/5/2021 21:15,0,,,
4/5/2021 21:00,0,,,
4/5/2021 20:45,0,,,
4/5/2021 20:30,0,,,
4/5/2021 20:15,0,,,
4/5/2021 20:00,0,,,
4/5/2021 19:45,0,,,
4/5/2021 19:30,0,,,
4/5/2021 19:15,0,,,
4/5/2021 19:00,0,,,
4/5/2021 18:45,0,,,
4/5/2021 18:30,0,,,
4/5/2021 18:15,0,,,
4/5/2021 18:00,0,,,
4/5/2021 17:45,0,,,
4/5/2021 17:30,0,,,
4/5/2021 17:15,0,,,
4/5/2021 17:00,0,,,
4/5/2021 16:45,0,,,
4/5/2021 16:30,0,,,
4/5/2021 16:15,0,,,
4/5/2021 16:00,0,,,
4/5/2021 15:45,0,,,
4/5/2021 15:30,0,,,
4/5/2021 15:15,0,,,
4/5/2021 15:00,0,,,
4/5/2021 14:45,0,,,
4/5/2021 14:30,0,,,
4/5/2021 14:15,0,,,
4/5/2021 14:00,0,,,
4/5/2021 13:45,0,,,
4/5/2021 13:30,0,,,
4/5/2021 13:15,0,,,
4/5/2021 13:00,0,,,
4/5/2021 12:45,0,,,
4/5/2021 12:30,0,,,
4/5/2021 12:15,0,,,
4/5/2021 12:00,0,,,
4/5/2021 11:45,0,,,
4/5/2021 11:30,0,,,
4/5/2021 11:15,0,,,
4/5/2021 11:00,0,,,
4/5/2021 10:45,0,,,
4/5/2021 10:30,0,,,
4/5/2021 10:15,0,,,
4/5/2021 10:00,0,,,
4/5/2021 9:45,0,,,
4/5/2021 9:30,0,,,
4/5/2021 9:15,0,,,
4/5/2021 9:00,0,,,
4/5/2021 8:45,0,,,
4/5/2021 8:30,0,,,
4/5/2021 8:15,0,,,
4/5/2021 8:00,0,,,
4/5/2021 7:45,0,,,
4/5/2021 7:30,0,,,
4/5/2021 7:15,0,,,
4/5/2021 7:00,0,,,
4/5/2021 6:45,0,,,
4/5/2021 6:30,0,,,
4/5/2021 6:15,0,,,
4/5/2021 6:00,0,,,
4/5/2021 5:45,0,,,
4/5/2021 5:30,0,,,
4/5/2021 5:15,0,,,
4/5/2021 5:00,0,,,
4/5/2021 4:45,0,,,
4/5/2021 4:30,0,,,
4/5/2021 4:15,0,,,
4/5/2021 4:00,0,,,
4/5/2021 3:45,0,,,
4/5/2021 3:30,0,,,
4/5/2021 3:15,0,,,
4/5/2021 3:00,0,,,
4/5/2021 2:45,0,,,
4/5/2021 2:30,0,,,
4/5/2021 2:15,0,,,
4/5/2021 2:00,0,,,
4/5/2021 1:45,0,,,
4/5/2021 1:30,0,,,
4/5/2021 1:15,0,,,
4/5/2021 1:00,0,,,
4/5/2021 0:45,0,,,
4/5/2021 0:30,0,,,
4/5/2021 0:15,0,,,
4/5/2021 0:00,0,,,
4/4/2021 23:45,0,,,
4/4/2021 23:30,0,,,
4/4/2021 23:15,0,,,
4/4/2021 23:00,0,,,
4/4/2021 22:45,0,,,
4/4/2021 22:30,0,,,
4/4/2021 22:15,0,,,
4/4/2021 22:00,0,,,
4/4/2021 21:45,0,,,
4/4/2021 21:30,0,,,
4/4/2021 21:15,0,,,
4/4/2021 21:00,0,,,
4/4/2021 20:45,0,,,
4/4/2021 20:30,0,,,
4/4/2021 20:15,0,,,
4/4/2021 20:00,0,,,
4/4/2021 19:45,0,,,
4/4/2021 19:30,0,,,
4/4/2021 19:15,0,,,
4/4/2021 19:00,0,,,
4/4/2021 18:45,0,,,
4/4/2021 18:30,0,,,
4/4/2021 18:15,0,,,
4/4/2021 18:00,0,,,
4/4/2021 17:45,0,,,
4/4/2021 17:30,0,,,
4/4/2021 17:15,0,,,
4/4/2021 17:00,0,,,
4/4/2021 16:45,0,,,
4/4/2021 16:30,0,,,
4/4/2021 16:15,0,,,
4/4/2021 16:00,0,,,
4/4/2021 15:45,0,,,
4/4/2021 15:30,0,,,
4/4/2021 15:15,0,,,
4/4/2021 15:00,0,,,
4/4/2021 14:45,0,,,
4/4/2021 14:30,0,,,
4/4/2021 14:15,0,,,
4/4/2021 14:00,0,,,
4/4/2021 13:45,0,,,
4/4/2021 13:30,0,,,
4/4/2021 13:15,0,,,
4/4/2021 13:00,0,,,
4/4/2021 12:45,0,,,
4/4/2021 12:30,0,,,
4/4/2021 12:15,0,,,
4/4/2021 12:00,0,,,
4/4/2021 11:45,0,,,
4/4/2021 11:30,0,,,
4/4/2021 11:15,0,,,
4/4/2021 11:00,0,,,
4/4/2021 10:45,0,,,
4/4/2021 10:30,0,,,
4/4/2021 10:15,0,,,
4/4/2021 10:00,0,,,
4/4/2021 9:45,0,,,
4/4/2021 9:30,0,,,
4/4/2021 9:15,0,,,
4/4/2021 9:00,0,,,
4/4/2021 8:45,0,,,
4/4/2021 8:30,0,,,
4/4/2021 8:15,0,,,
4/4/2021 8:00,0,,,
4/4/2021 7:45,0,,,
4/4/2021 7:30,0,,,
4/4/2021 7:15,0,,,
4/4/2021 7:00,0,,,
4/4/2021 6:45,0,,,
4/4/2021 6:30,0,,,
4/4/2021 6:15,0,,,
4/4/2021 6:00,0,,,
4/4/2021 5:45,0,,,
4/4/2021 5:30,0,,,
4/4/2021 5:15,0,,,
4/4/2021 5:00,0,,,
4/4/2021 4:45,0,,,
4/4/2021 4:30,0,,,
4/4/2021 4:15,0,,,
4/4/2021 4:00,0,,,
4/4/2021 3:45,0,,,
4/4/2021 3:30,0,,,
4/4/2021 3:15,0,,,
4/4/2021 3:00,0,,,
4/4/2021 2:45,0,,,
4/4/2021 2:30,0,,,
4/4/2021 2:15,0,,,
4/4/2021 2:00,0,,,
4/4/2021 1:45,0,,,
4/4/2021 1:30,0,,,
4/4/2021 1:15,0,,,
4/4/2021 1:00,0,,,
4/4/2021 0:45,0,,,
4/4/2021 0:30,0,,,
4/4/2021 0:15,0,,,
4/4/2021 0:00,0,,,
4/3/2021 23:45,0,,,
4/3/2021 23:30,0,,,
4/3/2021 23:15,0,,,
4/3/2021 23:00,0,,,
4/3/2021 22:45,0,,,
4/3/2021 22:30,0,,,
4/3/2021 22:15,0,,,
4/3/2021 22:00,0,,,
4/3/2021 21:45,0,,,
4/3/2021 21:30,0,,,
4/3/2021 21:15,0,,,
4/3/2021 21:00,0,,,
4/3/2021 20:45,0,,,
4/3/2021 20:30,0,,,
4/3/2021 20:15,0,,,
4/3/2021 20:00,0,,,
4/3/2021 19:45,0,,,
4/3/2021 19:30,0,,,
4/3/2021 19:15,0,,,
4/3/2021 19:00,0,,,
4/3/2021 18:45,0,,,
4/3/2021 18:30,0,,,
4/3/2021 18:15,0,,,
4/3/2021 18:00,0,,,
4/3/2021 17:45,0,,,
4/3/2021 17:30,0,,,
4/3/2021 17:15,0,,,
4/3/2021 17:00,0,,,
4/3/2021 16:45,0,,,
4/3/2021 16:30,0,,,
4/3/2021 16:15,0,,,
4/3/2021 16:00,0,,,
4/3/2021 15:45,0,,,
4/3/2021 15:30,0,,,
4/3/2021 15:15,0,,,
4/3/2021 15:00,0,,,
4/3/2021 14:45,0,,,
4/3/2021 14:30,0,,,
4/3/2021 14:15,0,,,
4/3/2021 14:00,0,,,
4/3/2021 13:45,0,,,
4/3/2021 13:30,0,,,
4/3/2021 13:15,0,,,
4/3/2021 13:00,0,,,
4/3/2021 12:45,0,,,
4/3/2021 12:30,0,,,
4/3/2021 12:15,0,,,
4/3/2021 12:00,0,,,
4/3/2021 11:45,0,,,
4/3/2021 11:30,0,,,
4/3/2021 11:15,0,,,
4/3/2021 11:00,0,,,
4/3/2021 10:45,0,,,
4/3/2021 10:30,0,,,
4/3/2021 10:15,0,,,
4/3/2021 10:00,0,,,
4/3/2021 9:45,0,,,
4/3/2021 9:30,0,,,
4/3/2021 9:15,0,,,
4/3/2021 9:00,0,,,
4/3/2021 8:45,0,,,
4/3/2021 8:30,0,,,
4/3/2021 8:15,0,,,
4/3/2021 8:00,0,,,
4/3/2021 7:45,0,,,
4/3/2021 7:30,0,,,
4/3/2021 7:15,0,,,
4/3/2021 7:00,0,,,
4/3/2021 6:45,0,,,
4/3/2021 6:30,0,,,
4/3/2021 6:15,0,,,
4/3/2021 6:00,0,,,
4/3/2021 5:45,0,,,
4/3/2021 5:30,0,,,
4/3/2021 5:15,0,,,
4/3/2021 5:00,0,,,
4/3/2021 4:45,0,,,
4/3/2021 4:30,0,,,
4/3/2021 4:15,0,,,
4/3/2021 4:00,0,,,
4/3/2021 3:45,0,,,
4/3/2021 3:30,0,,,
4/3/2021 3:15,0,,,
4/3/2021 3:00,0,,,
4/3/2021 2:45,0,,,
4/3/2021 2:30,0,,,
4/3/2021 2:15,0,,,
4/3/2021 2:00,0,,,
4/3/2021 1:45,0,,,
4/3/2021 1:30,0,,,
4/3/2021 1:15,0,,,
4/3/2021 1:00,0,,,
4/3/2021 0:45,0,,,
4/3/2021 0:30,0,,,
4/3/2021 0:15,0,,,
4/3/2021 0:00,0,,,
4/2/2021 23:45,0,,,
4/2/2021 23:30,0,,,
4/2/2021 23:15,0,,,
4/2/2021 23:00,0,,,
4/2/2021 22:45,0,,,
4/2/2021 22:30,0,,,
4/2/2021 22:15,0,,,
4/2/2021 22:00,0,,,
4/2/2021 21:45,0,,,
4/2/2021 21:30,0,,,
4/2/2021 21:15,0,,,
4/2/2021 21:00,0,,,
4/2/2021 20:45,0,,,
4/2/2021 20:30,0,,,
4/2/2021 20:15,0,,,
4/2/2021 20:00,0,,,
4/2/2021 19:45,0,,,
4/2/2021 19:30,0,,,
4/2/2021 19:15,0,,,
4/2/2021 19:00,0,,,
4/2/2021 18:45,0,,,
4/2/2021 18:30,0,,,
4/2/2021 18:15,0,,,
4/2/2021 18:00,0,,,
4/2/2021 17:45,0,,,
4/2/2021 17:30,0,,,
4/2/2021 17:15,0,,,
4/2/2021 17:00,0,,,
4/2/2021 16:45,0,,,
4/2/2021 16:30,0,,,
4/2/2021 16:15,0,,,
4/2/2021 16:00,0,,,
4/2/2021 15:45,0,,,
4/2/2021 15:30,0,,,
4/2/2021 15:15,0,,,
4/2/2021 15:00,0,,,
4/2/2021 14:45,0,,,
4/2/2021 14:30,0,,,
4/2/2021 14:15,0,,,
4/2/2021 14:00,0,,,
4/2/2021 13:45,0,,,
4/2/2021 13:30,0,,,
4/2/2021 13:15,0,,,
4/2/2021 13:00,0,,,
4/2/2021 12:45,0,,,
4/2/2021 12:30,0,,,
4/2/2021 12:15,0,,,
4/2/2021 12:00,0,,,
4/2/2021 11:45,0,,,
4/2/2021 11:30,0,,,
4/2/2021 11:15,0,,,
4/2/2021 11:00,0,,,
4/2/2021 10:45,0,,,
4/2/2021 10:30,0,,,
4/2/2021 10:15,0,,,
4/2/2021 10:00,0,,,
4/2/2021 9:45,0,,,
4/2/2021 9:30,0,,,
4/2/2021 9:15,0,,,
4/2/2021 9:00,0,,,
4/2/2021 8:45,0,,,
4/2/2021 8:30,0,,,
4/2/2021 8:15,0,,,
4/2/2021 8:00,0,,,
4/2/2021 7:45,0,,,
4/2/2021 7:30,0,,,
4/2/2021 7:15,0,,,
4/2/2021 7:00,0,,,
4/2/2021 6:45,0,,,
4/2/2021 6:30,0,,,
4/2/2021 6:15,0,,,
4/2/2021 6:00,0,,,
4/2/2021 5:45,0,,,
4/2/2021 5:30,0,,,
4/2/2021 5:15,0,,,
4/2/2021 5:00,0,,,
4/2/2021 4:45,0,,,
4/2/2021 4:30,0,,,
4/2/2021 4:15,0,,,
4/2/2021 4:00,0,,,
4/2/2021 3:45,0,,,
4/2/2021 3:30,0,,,
4/2/2021 3:15,0,,,
4/2/2021 3:00,0,,,
4/2/2021 2:45,0,,,
4/2/2021 2:30,0,,,
4/2/2021 2:15,0,,,
4/2/2021 2:00,0,,,
4/2/2021 1:45,0,,,
4/2/2021 1:30,0,,,
4/2/2021 1:15,0,,,
4/2/2021 1:00,0,,,
4/2/2021 0:45,0,,,
4/2/2021 0:30,0,,,
4/2/2021 0:15,0,,,
4/2/2021 0:00,0,,,
4/1/2021 23:45,0,,,
4/1/2021 23:30,0,,,
4/1/2021 23:15,0,,,
4/1/2021 23:00,0,,,
4/1/2021 22:45,0,,,
4/1/2021 22:30,0,,,
4/1/2021 22:15,0,,,
4/1/2021 22:00,0,,,
4/1/2021 21:45,0,,,
4/1/2021 21:30,0,,,
4/1/2021 21:15,0,,,
4/1/2021 21:00,0,,,
4/1/2021 20:45,0,,,
4/1/2021 20:30,0,,,
4/1/2021 20:15,0,,,
4/1/2021 20:00,0,,,
4/1/2021 19:45,0,,,
4/1/2021 19:30,0,,,
4/1/2021 19:15,0,,,
4/1/2021 19:00,0,,,
4/1/2021 18:45,0,,,
4/1/2021 18:30,0,,,
4/1/2021 18:15,0,,,
4/1/2021 18:00,0,,,
4/1/2021 17:45,0,,,
4/1/2021 17:30,0,,,
4/1/2021 17:15,0,,,
4/1/2021 17:00,0,,,
4/1/2021 16:45,0,,,
4/1/2021 16:30,0,,,
4/1/2021 16:15,0,,,
4/1/2021 16:00,0,,,
4/1/2021 15:45,0,,,
4/1/2021 15:30,0,,,
4/1/2021 15:15,0,,,
4/1/2021 15:00,0,,,
4/1/2021 14:45,0,,,
4/1/2021 14:30,0,,,
4/1/2021 14:15,0,,,
4/1/2021 14:00,0,,,
4/1/2021 13:45,0,,,
4/1/2021 13:30,0,,,
4/1/2021 13:15,0,,,
4/1/2021 13:00,0,,,
4/1/2021 12:45,0,,,
4/1/2021 12:30,0,,,
4/1/2021 12:15,0,,,
4/1/2021 12:00,0,,,
4/1/2021 11:45,0,,,
4/1/2021 11:30,0,,,
4/1/2021 11:15,0,,,
4/1/2021 11:00,0,,,
4/1/2021 10:45,0,,,
4/1/2021 10:30,0,,,
4/1/2021 10:15,0,,,
4/1/2021 10:00,0,,,
4/1/2021 9:45,0,,,
4/1/2021 9:30,0,,,
4/1/2021 9:15,0,,,
4/1/2021 9:00,0,,,
4/1/2021 8:45,0,,,
4/1/2021 8:30,0,,,
4/1/2021 8:15,0,,,
4/1/2021 8:00,0,,,
4/1/2021 7:45,0,,,
4/1/2021 7:30,0,,,
4/1/2021 7:15,0,,,
4/1/2021 7:00,0,,,
4/1/2021 6:45,0,,,
4/1/2021 6:30,0,,,
4/1/2021 6:15,0,,,
4/1/2021 6:00,0,,,
4/1/2021 5:45,0,,,
4/1/2021 5:30,0,,,
4/1/2021 5:15,0,,,
4/1/2021 5:00,0,,,
4/1/2021 4:45,0,,,
4/1/2021 4:30,0,,,
4/1/2021 4:15,0,,,
4/1/2021 4:00,0,,,
4/1/2021 3:45,0,,,
4/1/2021 3:30,0,,,
4/1/2021 3:15,0,,,
4/1/2021 3:00,0,,,
4/1/2021 2:45,0,,,
4/1/2021 2:30,0,,,
4/1/2021 2:15,0,,,
4/1/2021 2:00,0,,,
4/1/2021 1:45,0,,,
4/1/2021 1:30,0,,,
4/1/2021 1:15,0,,,
4/1/2021 1:00,0,,,
4/1/2021 0:45,0,,,
4/1/2021 0:30,0,,,
4/1/2021 0:15,0,,,
4/1/2021 0:00,0,,,
3/31/2021 23:45,0,,,
3/31/2021 23:30,0,,,
3/31/2021 23:15,0,,,
3/31/2021 23:00,0,,,
3/31/2021 22:45,0,,,
3/31/2021 22:30,0,,,
3/31/2021 22:15,0,,,
3/31/2021 22:00,0,,,
3/31/2021 21:45,0,,,
3/31/2021 21:30,0,,,
3/31/2021 21:15,0,,,
3/31/2021 21:00,0,,,
3/31/2021 20:45,0,,,
3/31/2021 20:30,0,,,
3/31/2021 20:15,0,,,
3/31/2021 20:00,0,,,
3/31/2021 19:45,0,,,
3/31/2021 19:30,0,,,
3/31/2021 19:15,0,,,
3/31/2021 19:00,0,,,
3/31/2021 18:45,0,,,
3/31/2021 18:30,0,,,
3/31/2021 18:15,0,,,
3/31/2021 18:00,0,,,
3/31/2021 17:45,0,,,
3/31/2021 17:30,0,,,
3/31/2021 17:15,0,,,
3/31/2021 17:00,0,,,
3/31/2021 16:45,0,,,
3/31/2021 16:30,0,,,
3/31/2021 16:15,0,,,
3/31/2021 16:00,0,,,
3/31/2021 15:45,0,,,
3/31/2021 15:30,0,,,
3/31/2021 15:15,0,,,
3/31/2021 15:00,0,,,
3/31/2021 14:45,0,,,
3/31/2021 14:30,0,,,
3/31/2021 14:15,0,,,
3/31/2021 14:00,0,,,
3/31/2021 13:45,0,,,
3/31/2021 13:30,0,,,
3/31/2021 13:15,0,,,
3/31/2021 13:00,0,,,
3/31/2021 12:45,0,,,
3/31/2021 12:30,0,,,
3/31/2021 12:15,0,,,
3/31/2021 12:00,0,,,
3/31/2021 11:45,0,,,
3/31/2021 11:30,0,,,
3/31/2021 11:15,0,,,
3/31/2021 11:00,0,,,
3/31/2021 10:45,0,,,
3/31/2021 10:30,0,,,
3/31/2021 10:15,0,,,
3/31/2021 10:00,0,,,
3/31/2021 9:45,0,,,
3/31/2021 9:30,0,,,
3/31/2021 9:15,0,,,
3/31/2021 9:00,0,,,
3/31/2021 8:45,0,,,
3/31/2021 8:30,0,,,
3/31/2021 8:15,0,,,
3/31/2021 8:00,0,,,
3/31/2021 7:45,0,,,
3/31/2021 7:30,0,,,
3/31/2021 7:15,0,,,
3/31/2021 7:00,0,,,
3/31/2021 6:45,0,,,
3/31/2021 6:30,0,,,
3/31/2021 6:15,0,,,
3/31/2021 6:00,0,,,
3/31/2021 5:45,0,,,
3/31/2021 5:30,0,,,
3/31/2021 5:15,0,,,
3/31/2021 5:00,0,,,
3/31/2021 4:45,0,,,
3/31/2021 4:30,0,,,
3/31/2021 4:15,0,,,
3/31/2021 4:00,0,,,
3/31/2021 3:45,0,,,
3/31/2021 3:30,0,,,
3/31/2021 3:15,0,,,
3/31/2021 3:00,0,,,
3/31/2021 2:45,0,,,
3/31/2021 2:30,0,,,
3/31/2021 2:15,0,,,
3/31/2021 2:00,0,,,
3/31/2021 1:45,0,,,
3/31/2021 1:30,0,,,
3/31/2021 1:15,0,,,
3/31/2021 1:00,0,,,
3/31/2021 0:45,0,,,
3/31/2021 0:30,0,,,
3/31/2021 0:15,0,,,
3/31/2021 0:00,0,,,
3/30/2021 23:45,0,,,
3/30/2021 23:30,0,,,
3/30/2021 23:15,0,,,
3/30/2021 23:00,0,,,
3/30/2021 22:45,0,,,
3/30/2021 22:30,0,,,
3/30/2021 22:15,0,,,
3/30/2021 22:00,0,,,
3/30/2021 21:45,0,,,
3/30/2021 21:30,0,,,
3/30/2021 21:15,0,,,
3/30/2021 21:00,0,,,
3/30/2021 20:45,0,,,
3/30/2021 20:30,0,,,
3/30/2021 20:15,0,,,
3/30/2021 20:00,0,,,
3/30/2021 19:45,0,,,
3/30/2021 19:30,0,,,
3/30/2021 19:15,0,,,
3/30/2021 19:00,0,,,
3/30/2021 18:45,0,,,
3/30/2021 18:30,0,,,
3/30/2021 18:15,0,,,
3/30/2021 18:00,0,,,
3/30/2021 17:45,0,,,
3/30/2021 17:30,0,,,
3/30/2021 17:15,0,,,
3/30/2021 17:00,0,,,
3/30/2021 16:45,0,,,
3/30/2021 16:30,0,,,
3/30/2021 16:15,0,,,
3/30/2021 16:00,0,,,
3/30/2021 15:45,0,,,
3/30/2021 15:30,0,,,
3/30/2021 15:15,0,,,
3/30/2021 15:00,0,,,
3/30/2021 14:45,0,,,
3/30/2021 14:30,0,,,
3/30/2021 14:15,0,,,
3/30/2021 14:00,0,,,
3/30/2021 13:45,0,,,
3/30/2021 13:30,0,,,
3/30/2021 13:15,0,,,
3/30/2021 13:00,0,,,
3/30/2021 12:45,0,,,
3/30/2021 12:30,0,,,
3/30/2021 12:15,0,,,
3/30/2021 12:00,0,,,
3/30/2021 11:45,0,,,
3/30/2021 11:30,0,,,
3/30/2021 11:15,0,,,
3/30/2021 11:00,0,,,
3/30/2021 10:45,0,,,
3/30/2021 10:30,0,,,
3/30/2021 10:15,0,,,
3/30/2021 10:00,0,,,
3/30/2021 9:45,0,,,
3/30/2021 9:30,0,,,
3/30/2021 9:15,0,,,
3/30/2021 9:00,0,,,
3/30/2021 8:45,0,,,
3/30/2021 8:30,0,,,
3/30/2021 8:15,0,,,
3/30/2021 8:00,0,,,
3/30/2021 7:45,0,,,
3/30/2021 7:30,0,,,
3/30/2021 7:15,0,,,
3/30/2021 7:00,0,,,
3/30/2021 6:45,0,,,
3/30/2021 6:30,0,,,
3/30/2021 6:15,0,,,
3/30/2021 6:00,0,,,
3/30/2021 5:45,0,,,
3/30/2021 5:30,0,,,
3/30/2021 5:15,0,,,
3/30/2021 5:00,0,,,
3/30/2021 4:45,0,,,
3/30/2021 4:30,0,,,
3/30/2021 4:15,0,,,
3/30/2021 4:00,0,,,
3/30/2021 3:45,0,,,
3/30/2021 3:30,0,,,
3/30/2021 3:15,0,,,
3/30/2021 3:00,0,,,
3/30/2021 2:45,0,,,
3/30/2021 2:30,0,,,
3/30/2021 2:15,0,,,
3/30/2021 2:00,0,,,
3/30/2021 1:45,0,,,
3/30/2021 1:30,0,,,
3/30/2021 1:15,0,,,
3/30/2021 1:00,0,,,
3/30/2021 0:45,0,,,
3/30/2021 0:30,0,,,
3/30/2021 0:15,0,,,
3/30/2021 0:00,0,,,
3/29/2021 23:45,0,,,
3/29/2021 23:30,0,,,
3/29/2021 23:15,0,,,
3/29/2021 23:00,0,,,
3/29/2021 22:45,0,,,
3/29/2021 22:30,0,,,
3/29/2021 22:15,0,,,
3/29/2021 22:00,0,,,
3/29/2021 21:45,0,,,
3/29/2021 21:30,0,,,
3/29/2021 21:15,0,,,
3/29/2021 21:00,0,,,
3/29/2021 20:45,0,,,
3/29/2021 20:30,0,,,
3/29/2021 20:15,0,,,
3/29/2021 20:00,0,,,
3/29/2021 19:45,0,,,
3/29/2021 19:30,0,,,
3/29/2021 19:15,0,,,
3/29/2021 19:00,0,,,
3/29/2021 18:45,0,,,
3/29/2021 18:30,0,,,
3/29/2021 18:15,0,,,
3/29/2021 18:00,0,,,
3/29/2021 17:45,0,,,
3/29/2021 17:30,0,,,
3/29/2021 17:15,0,,,
3/29/2021 17:00,0,,,
3/29/2021 16:45,0,,,
3/29/2021 16:30,0,,,
3/29/2021 16:15,0,,,
3/29/2021 16:00,0,,,
3/29/2021 15:45,0,,,
3/29/2021 15:30,0,,,
3/29/2021 15:15,0,,,
3/29/2021 15:00,0,,,
3/29/2021 14:45,0,,,
3/29/2021 14:30,0,,,
3/29/2021 14:15,0,,,
3/29/2021 14:00,0,,,
3/29/2021 13:45,0,,,
3/29/2021 13:30,0,,,
3/29/2021 13:15,0,,,
3/29/2021 13:00,0,,,
3/29/2021 12:45,0,,,
3/29/2021 12:30,0,,,
3/29/2021 12:15,0,,,
3/29/2021 12:00,0,,,
3/29/2021 11:45,0,,,
3/29/2021 11:30,0,,,
3/29/2021 11:15,0,,,
3/29/2021 11:00,0,,,
3/29/2021 10:45,0,,,
3/29/2021 10:30,0,,,
3/29/2021 10:15,0,,,
3/29/2021 10:00,0,,,
3/29/2021 9:45,0,,,
3/29/2021 9:30,0,,,
3/29/2021 9:15,0,,,
3/29/2021 9:00,0,,,
3/29/2021 8:45,0,,,
3/29/2021 8:30,0,,,
3/29/2021 8:15,0,,,
3/29/2021 8:00,0,,,
3/29/2021 7:45,0,,,
3/29/2021 7:30,0,,,
3/29/2021 7:15,0,,,
3/29/2021 7:00,0,,,
3/29/2021 6:45,0,,,
3/29/2021 6:30,0,,,
3/29/2021 6:15,0,,,
3/29/2021 6:00,0,,,
3/29/2021 5:45,0,,,
3/29/2021 5:30,0,,,
3/29/2021 5:15,0,,,
3/29/2021 5:00,0,,,
3/29/2021 4:45,0,,,
3/29/2021 4:30,0,,,
3/29/2021 4:15,0,,,
3/29/2021 4:00,0,,,
3/29/2021 3:45,0,,,
3/29/2021 3:30,0,,,
3/29/2021 3:15,0,,,
3/29/2021 3:00,0,,,
3/29/2021 2:45,0,,,
3/29/2021 2:30,0,,,
3/29/2021 2:15,0,,,
3/29/2021 2:00,0,,,
3/29/2021 1:45,0,,,
3/29/2021 1:30,0,,,
3/29/2021 1:15,0,,,
3/29/2021 1:00,0,,,
3/29/2021 0:45,0,,,
3/29/2021 0:30,0,,,
3/29/2021 0:15,0,,,
3/29/2021 0:00,0,,,
3/28/2021 23:45,0,,,
3/28/2021 23:30,0,,,
3/28/2021 23:15,0,,,
3/28/2021 23:00,0,,,
3/28/2021 22:45,0,,,
3/28/2021 22:30,0,,,
3/28/2021 22:15,0,,,
3/28/2021 22:00,0,,,
3/28/2021 21:45,0,,,
3/28/2021 21:30,0,,,
3/28/2021 21:15,0,,,
3/28/2021 21:00,0,,,
3/28/2021 20:45,0,,,
3/28/2021 20:30,0,,,
3/28/2021 20:15,0,,,
3/28/2021 20:00,0,,,
3/28/2021 19:45,0,,,
3/28/2021 19:30,0,,,
3/28/2021 19:15,0,,,
3/28/2021 19:00,0,,,
3/28/2021 18:45,0,,,
3/28/2021 18:30,0,,,
3/28/2021 18:15,0,,,
3/28/2021 18:00,0,,,
3/28/2021 17:45,0,,,
3/28/2021 17:30,0,,,
3/28/2021 17:15,0,,,
3/28/2021 17:00,0,,,
3/28/2021 16:45,0,,,
3/28/2021 16:30,0,,,
3/28/2021 16:15,0,,,
3/28/2021 16:00,0,,,
3/28/2021 15:45,0,,,
3/28/2021 15:30,0,,,
3/28/2021 15:15,0,,,
3/28/2021 15:00,0,,,
3/28/2021 14:45,0,,,
3/28/2021 14:30,0,,,
3/28/2021 14:15,0,,,
3/28/2021 14:00,0,,,
3/28/2021 13:45,0,,,
3/28/2021 13:30,0,,,
3/28/2021 13:15,0,,,
3/28/2021 13:00,0,,,
3/28/2021 12:45,0,,,
3/28/2021 12:30,0,,,
3/28/2021 12:15,0,,,
3/28/2021 12:00,0,,,
3/28/2021 11:45,0,,,
3/28/2021 11:30,0,,,
3/28/2021 11:15,0,,,
3/28/2021 11:00,0,,,
3/28/2021 10:45,0,,,
3/28/2021 10:30,0,,,
3/28/2021 10:15,0,,,
3/28/2021 10:00,0,,,
3/28/2021 9:45,0,,,
3/28/2021 9:30,0,,,
3/28/2021 9:15,0,,,
3/28/2021 9:00,0,,,
3/28/2021 8:45,0,,,
3/28/2021 8:30,0,,,
3/28/2021 8:15,0,,,
3/28/2021 8:00,0,,,
3/28/2021 7:45,0,,,
3/28/2021 7:30,0,,,
3/28/2021 7:15,0,,,
3/28/2021 7:00,0,,,
3/28/2021 6:45,0,,,
3/28/2021 6:30,0,,,
3/28/2021 6:15,0,,,
3/28/2021 6:00,0,,,
3/28/2021 5:45,0,,,
3/28/2021 5:30,0,,,
3/28/2021 5:15,0,,,
3/28/2021 5:00,0,,,
3/28/2021 4:45,0,,,
3/28/2021 4:30,0,,,
3/28/2021 4:15,0,,,
3/28/2021 4:00,0,,,
3/28/2021 3:45,0,,,
3/28/2021 3:30,0,,,
3/28/2021 3:15,0,,,
3/28/2021 3:00,0,,,
3/28/2021 2:45,0,,,
3/28/2021 2:30,0,,,
3/28/2021 2:15,0,,,
3/28/2021 2:00,0,,,
3/28/2021 1:45,0,,,
3/28/2021 1:30,0,,,
3/28/2021 1:15,0,,,
3/28/2021 1:00,0,,,
3/28/2021 0:45,0,,,
3/28/2021 0:30,0,,,
3/28/2021 0:15,0,,,
3/28/2021 0:00,0,,,
3/27/2021 23:45,0,,,
3/27/2021 23:30,0,,,
3/27/2021 23:15,0,,,
3/27/2021 23:00,0,,,
3/27/2021 22:45,0,,,
3/27/2021 22:30,0,,,
3/27/2021 22:15,0,,,
3/27/2021 22:00,0,,,
3/27/2021 21:45,0,,,
3/27/2021 21:30,0,,,
3/27/2021 21:15,0,,,
3/27/2021 21:00,0,,,
3/27/2021 20:45,0,,,
3/27/2021 20:30,0,,,
3/27/2021 20:15,0,,,
3/27/2021 20:00,0,,,
3/27/2021 19:45,0,,,
3/27/2021 19:30,0,,,
3/27/2021 19:15,0,,,
3/27/2021 19:00,0,,,
3/27/2021 18:45,0,,,
3/27/2021 18:30,0,,,
3/27/2021 18:15,0,,,
3/27/2021 18:00,0,,,
3/27/2021 17:45,0,,,
3/27/2021 17:30,0,,,
3/27/2021 17:15,0,,,
3/27/2021 17:00,0,,,
3/27/2021 16:45,0,,,
3/27/2021 16:30,0,,,
3/27/2021 16:15,0,,,
3/27/2021 16:00,0,,,
3/27/2021 15:45,0,,,
3/27/2021 15:30,0,,,
3/27/2021 15:15,0,,,
3/27/2021 15:00,0,,,
3/27/2021 14:45,0,,,
3/27/2021 14:30,0,,,
3/27/2021 14:15,0,,,
3/27/2021 14:00,0,,,
3/27/2021 13:45,0,,,
3/27/2021 13:30,0,,,
3/27/2021 13:15,0,,,
3/27/2021 13:00,0,,,
3/27/2021 12:45,0,,,
3/27/2021 12:30,0,,,
3/27/2021 12:15,0,,,
3/27/2021 12:00,0,,,
3/27/2021 11:45,0,,,
3/27/2021 11:30,0,,,
3/27/2021 11:15,0,,,
3/27/2021 11:00,0,,,
3/27/2021 10:45,0,,,
3/27/2021 10:30,0,,,
3/27/2021 10:15,0,,,
3/27/2021 10:00,0,,,
3/27/2021 9:45,0,,,
3/27/2021 9:30,0,,,
3/27/2021 9:15,0,,,
3/27/2021 9:00,0,,,
3/27/2021 8:45,0,,,
3/27/2021 8:30,0,,,
3/27/2021 8:15,0,,,
3/27/2021 8:00,0,,,
3/27/2021 7:45,0,,,
3/27/2021 7:30,0,,,
3/27/2021 7:15,0,,,
3/27/2021 7:00,0,,,
3/27/2021 6:45,0,,,
3/27/2021 6:30,0,,,
3/27/2021 6:15,0,,,
3/27/2021 6:00,0,,,
3/27/2021 5:45,0,,,
3/27/2021 5:30,0,,,
3/27/2021 5:15,0,,,
3/27/2021 5:00,0,,,
3/27/2021 4:45,0,,,
3/27/2021 4:30,0,,,
3/27/2021 4:15,0,,,
3/27/2021 4:00,0,,,
3/27/2021 3:45,0,,,
3/27/2021 3:30,0,,,
3/27/2021 3:15,0,,,
3/27/2021 3:00,0,,,
3/27/2021 2:45,0,,,
3/27/2021 2:30,0,,,
3/27/2021 2:15,0,,,
3/27/2021 2:00,0,,,
3/27/2021 1:45,0,,,
3/27/2021 1:30,0,,,
3/27/2021 1:15,0,,,
3/27/2021 1:00,0,,,
3/27/2021 0:45,0,,,
3/27/2021 0:30,0,,,
3/27/2021 0:15,0,,,
3/27/2021 0:00,0,,,
3/26/2021 23:45,0,,,
3/26/2021 23:30,0,,,
3/26/2021 23:15,0,,,
3/26/2021 23:00,0,,,
3/26/2021 22:45,0,,,
3/26/2021 22:30,0,,,
3/26/2021 22:15,0,,,
3/26/2021 22:00,0,,,
3/26/2021 21:45,0,,,
3/26/2021 21:30,0,,,
3/26/2021 21:15,0,,,
3/26/2021 21:00,0,,,
3/26/2021 20:45,0,,,
3/26/2021 20:30,0,,,
3/26/2021 20:15,0,,,
3/26/2021 20:00,0,,,
3/26/2021 19:45,0,,,
3/26/2021 19:30,0,,,
3/26/2021 19:15,0,,,
3/26/2021 19:00,0,,,
3/26/2021 18:45,0,,,
3/26/2021 18:30,0,,,
3/26/2021 18:15,0,,,
3/26/2021 18:00,0,,,
3/26/2021 17:45,0,,,
3/26/2021 17:30,0,,,
3/26/2021 17:15,0,,,
3/26/2021 17:00,0,,,
3/26/2021 16:45,0,,,
3/26/2021 16:30,0,,,
3/26/2021 16:15,0,,,
3/26/2021 16:00,0,,,
3/26/2021 15:45,0,,,
3/26/2021 15:30,0,,,
3/26/2021 15:15,0,,,
3/26/2021 15:00,0,,,
3/26/2021 14:45,0,,,
3/26/2021 14:30,0,,,
3/26/2021 14:15,0,,,
3/26/2021 14:00,0,,,
3/26/2021 13:45,0,,,
3/26/2021 13:30,0,,,
3/26/2021 13:15,0,,,
3/26/2021 13:00,0,,,
3/26/2021 12:45,0,,,
3/26/2021 12:30,0,,,
3/26/2021 12:15,0,,,
3/26/2021 12:00,0,,,
3/26/2021 11:45,0,,,
3/26/2021 11:30,0,,,
3/26/2021 11:15,0,,,
3/26/2021 11:00,0,,,
3/26/2021 10:45,0,,,
3/26/2021 10:30,0,,,
3/26/2021 10:15,0,,,
3/26/2021 10:00,0,,,
3/26/2021 9:45,0,,,
3/26/2021 9:30,0,,,
3/26/2021 9:15,0,,,
3/26/2021 9:00,0,,,
3/26/2021 8:45,0,,,
3/26/2021 8:30,0,,,
3/26/2021 8:15,0,,,
3/26/2021 8:00,0,,,
3/26/2021 7:45,0,,,
3/26/2021 7:30,0,,,
3/26/2021 7:15,0,,,
3/26/2021 7:00,0,,,
3/26/2021 6:45,0,,,
3/26/2021 6:30,0,,,
3/26/2021 6:15,0,,,
3/26/2021 6:00,0,,,
3/26/2021 5:45,0,,,
3/26/2021 5:30,0,,,
3/26/2021 5:15,0,,,
3/26/2021 5:00,0,,,
3/26/2021 4:45,0,,,
3/26/2021 4:30,0,,,
3/26/2021 4:15,0,,,
3/26/2021 4:00,0,,,
3/26/2021 3:45,0,,,
3/26/2021 3:30,0,,,
3/26/2021 3:15,0,,,
3/26/2021 3:00,0,,,
3/26/2021 2:45,0,,,
3/26/2021 2:30,0,,,
3/26/2021 2:15,0,,,
3/26/2021 2:00,0,,,
3/26/2021 1:45,0,,,
3/26/2021 1:30,0,,,
3/26/2021 1:15,0,,,
3/26/2021 1:00,0,,,
3/26/2021 0:45,0,,,
3/26/2021 0:30,0,,,
3/26/2021 0:15,0,,,
3/26/2021 0:00,0,,,
3/25/2021 23:45,0,,,
3/25/2021 23:30,0,,,
3/25/2021 23:15,0,,,
3/25/2021 23:00,0,,,
3/25/2021 22:45,0,,,
3/25/2021 22:30,0,,,
3/25/2021 22:15,0,,,
3/25/2021 22:00,0,,,
3/25/2021 21:45,0,,,
3/25/2021 21:30,0,,,
3/25/2021 21:15,0,,,
3/25/2021 21:00,0,,,
3/25/2021 20:45,0,,,
3/25/2021 20:30,0,,,
3/25/2021 20:15,0,,,
3/25/2021 20:00,0,,,
3/25/2021 19:45,0,,,
3/25/2021 19:30,0,,,
3/25/2021 19:15,0,,,
3/25/2021 19:00,0,,,
3/25/2021 18:45,0,,,
3/25/2021 18:30,0,,,
3/25/2021 18:15,0,,,
3/25/2021 18:00,0,,,
3/25/2021 17:45,0,,,
3/25/2021 17:30,0,,,
3/25/2021 17:15,0,,,
3/25/2021 17:00,0,,,
3/25/2021 16:45,0,,,
3/25/2021 16:30,0,,,
3/25/2021 16:15,0,,,
3/25/2021 16:00,0,,,
3/25/2021 15:45,0,,,
3/25/2021 15:30,0,,,
3/25/2021 15:15,0,,,
3/25/2021 15:00,0,,,
3/25/2021 14:45,0,,,
3/25/2021 14:30,0,,,
3/25/2021 14:15,0,,,
3/25/2021 14:00,0,,,
3/25/2021 13:45,0,,,
3/25/2021 13:30,0,,,
3/25/2021 13:15,0,,,
3/25/2021 13:00,0,,,
3/25/2021 12:45,0,,,
3/25/2021 12:30,0,,,
3/25/2021 12:15,0,,,
3/25/2021 12:00,0,,,
3/25/2021 11:45,0,,,
3/25/2021 11:30,0,,,
3/25/2021 11:15,0,,,
3/25/2021 11:00,0,,,
3/25/2021 10:45,0,,,
3/25/2021 10:30,0,,,
3/25/2021 10:15,0,,,
3/25/2021 10:00,0,,,
3/25/2021 9:45,0,,,
3/25/2021 9:30,0,,,
3/25/2021 9:15,0,,,
3/25/2021 9:00,0,,,
3/25/2021 8:45,0,,,
3/25/2021 8:30,0,,,
3/25/2021 8:15,0,,,
3/25/2021 8:00,0,,,
3/25/2021 7:45,0,,,
3/25/2021 7:30,0,,,
3/25/2021 7:15,0,,,
3/25/2021 7:00,0,,,
3/25/2021 6:45,0,,,
3/25/2021 6:30,0,,,
3/25/2021 6:15,0,,,
3/25/2021 6:00,0,,,
3/25/2021 5:45,0,,,
3/25/2021 5:30,0,,,
3/25/2021 5:15,0,,,
3/25/2021 5:00,0,,,
3/25/2021 4:45,0,,,
3/25/2021 4:30,0,,,
3/25/2021 4:15,0,,,
3/25/2021 4:00,0,,,
3/25/2021 3:45,0,,,
3/25/2021 3:30,0,,,
3/25/2021 3:15,0,,,
3/25/2021 3:00,0,,,
3/25/2021 2:45,0,,,
3/25/2021 2:30,0,,,
3/25/2021 2:15,0,,,
3/25/2021 2:00,0,,,
3/25/2021 1:45,0,,,
3/25/2021 1:30,0,,,
3/25/2021 1:15,0,,,
3/25/2021 1:00,0,,,
3/25/2021 0:45,0,,,
3/25/2021 0:30,0,,,
3/25/2021 0:15,0,,,
3/25/2021 0:00,0,,,
3/24/2021 23:45,0,,,
3/24/2021 23:30,0,,,
3/24/2021 23:15,0,,,
3/24/2021 23:00,0,,,
3/24/2021 22:45,0,,,
3/24/2021 22:30,0,,,
3/24/2021 22:15,0,,,
3/24/2021 22:00,0,,,
3/24/2021 21:45,0,,,
3/24/2021 21:30,0,,,
3/24/2021 21:15,0,,,
3/24/2021 21:00,0,,,
3/24/2021 20:45,0,,,
3/24/2021 20:30,0,,,
3/24/2021 20:15,0,,,
3/24/2021 20:00,0,,,
3/24/2021 19:45,0,,,
3/24/2021 19:30,0,,,
3/24/2021 19:15,0,,,
3/24/2021 19:00,0,,,
3/24/2021 18:45,0,,,
3/24/2021 18:30,0,,,
3/24/2021 18:15,0,,,
3/24/2021 18:00,0,,,
3/24/2021 17:45,0,,,
3/24/2021 17:30,0,,,
3/24/2021 17:15,0,,,
3/24/2021 17:00,0,,,
3/24/2021 16:45,0,,,
3/24/2021 16:30,0,,,
3/24/2021 16:15,0,,,
3/24/2021 16:00,0,,,
3/24/2021 15:45,0,,,
3/24/2021 15:30,0,,,
3/24/2021 15:15,0,,,
3/24/2021 15:00,0,,,
3/24/2021 14:45,0,,,
3/24/2021 14:30,0,,,
3/24/2021 14:15,0,,,
3/24/2021 14:00,0,,,
3/24/2021 13:45,0,,,
3/24/2021 13:30,0,,,
3/24/2021 13:15,0,,,
3/24/2021 13:00,0,,,
3/24/2021 12:45,0,,,
3/24/2021 12:30,0,,,
3/24/2021 12:15,0,,,
3/24/2021 12:00,0,,,
3/24/2021 11:45,0,,,
3/24/2021 11:30,0,,,
3/24/2021 11:15,0,,,
3/24/2021 11:00,0,,,
3/24/2021 10:45,0,,,
3/24/2021 10:30,0,,,
3/24/2021 10:15,0,,,
3/24/2021 10:00,0,,,
3/24/2021 9:45,0,,,
3/24/2021 9:30,0,,,
3/24/2021 9:15,0,,,
3/24/2021 9:00,0,,,
3/24/2021 8:45,0,,,
3/24/2021 8:30,0,,,
3/24/2021 8:15,0,,,
3/24/2021 8:00,0,,,
3/24/2021 7:45,0,,,
3/24/2021 7:30,0,,,
3/24/2021 7:15,0,,,
3/24/2021 7:00,0,,,
3/24/2021 6:45,0,,,
3/24/2021 6:30,0,,,
3/24/2021 6:15,0,,,
3/24/2021 6:00,0,,,
3/24/2021 5:45,0,,,
3/24/2021 5:30,0,,,
3/24/2021 5:15,0,,,
3/24/2021 5:00,0,,,
3/24/2021 4:45,0,,,
3/24/2021 4:30,0,,,
3/24/2021 4:15,0,,,
3/24/2021 4:00,0,,,
3/24/2021 3:45,0,,,
3/24/2021 3:30,0,,,
3/24/2021 3:15,0,,,
3/24/2021 3:00,0,,,
3/24/2021 2:45,0,,,
3/24/2021 2:30,0,,,
3/24/2021 2:15,0,,,
3/24/2021 2:00,0,,,
3/24/2021 1:45,0,,,
3/24/2021 1:30,0,,,
3/24/2021 1:15,0,,,
3/24/2021 1:00,0,,,
3/24/2021 0:45,0,,,
3/24/2021 0:30,0,,,
3/24/2021 0:15,0,,,
3/24/2021 0:00,0,,,
3/23/2021 23:45,0,,,
3/23/2021 23:30,0,,,
3/23/2021 23:15,0,,,
3/23/2021 23:00,0,,,
3/23/2021 22:45,0,,,
3/23/2021 22:30,0,,,
3/23/2021 22:15,0,,,
3/23/2021 22:00,0,,,
3/23/2021 21:45,0,,,
3/23/2021 21:30,0,,,
3/23/2021 21:15,0,,,
3/23/2021 21:00,0,,,
3/23/2021 20:45,0,,,
3/23/2021 20:30,0,,,
3/23/2021 20:15,0,,,
3/23/2021 20:00,0,,,
3/23/2021 19:45,0,,,
3/23/2021 19:30,0,,,
3/23/2021 19:15,0,,,
3/23/2021 19:00,0,,,
3/23/2021 18:45,0,,,
3/23/2021 18:30,0,,,
3/23/2021 18:15,0,,,
3/23/2021 18:00,0,,,
3/23/2021 17:45,0,,,
3/23/2021 17:30,0,,,
3/23/2021 17:15,0,,,
3/23/2021 17:00,0,,,
3/23/2021 16:45,0,,,
3/23/2021 16:30,0,,,
3/23/2021 16:15,0,,,
3/23/2021 16:00,0,,,
3/23/2021 15:45,0,,,
3/23/2021 15:30,0,,,
3/23/2021 15:15,0,,,
3/23/2021 15:00,0,,,
3/23/2021 14:45,0,,,
3/23/2021 14:30,0,,,
3/23/2021 14:15,0,,,
3/23/2021 14:00,0,,,
3/23/2021 13:45,0,,,
3/23/2021 13:30,0,,,
3/23/2021 13:15,0,,,
3/23/2021 13:00,0,,,
3/23/2021 12:45,0,,,
3/23/2021 12:30,0,,,
3/23/2021 12:15,0,,,
3/23/2021 12:00,0,,,
3/23/2021 11:45,0,,,
3/23/2021 11:30,0,,,
3/23/2021 11:15,0,,,
3/23/2021 11:00,0,,,
3/23/2021 10:45,0,,,
3/23/2021 10:30,0,,,
3/23/2021 10:15,0,,,
3/23/2021 10:00,0,,,
3/23/2021 9:45,0,,,
3/23/2021 9:30,0,,,
3/23/2021 9:15,0,,,
3/23/2021 9:00,0,,,
3/23/2021 8:45,0,,,
3/23/2021 8:30,0,,,
3/23/2021 8:15,0,,,
3/23/2021 8:00,0,,,
3/23/2021 7:45,0,,,
3/23/2021 7:30,0,,,
3/23/2021 7:15,0,,,
3/23/2021 7:00,0,,,
3/23/2021 6:45,0,,,
3/23/2021 6:30,0,,,
3/23/2021 6:15,0,,,
3/23/2021 6:00,0,,,
3/23/2021 5:45,0,,,
3/23/2021 5:30,0,,,
3/23/2021 5:15,0,,,
3/23/2021 5:00,0,,,
3/23/2021 4:45,0,,,
3/23/2021 4:30,0,,,
3/23/2021 4:15,0,,,
3/23/2021 4:00,0,,,
3/23/2021 3:45,0,,,
3/23/2021 3:30,0,,,
3/23/2021 3:15,0,,,
3/23/2021 3:00,0,,,
3/23/2021 2:45,0,,,
3/23/2021 2:30,0,,,
3/23/2021 2:15,0,,,
3/23/2021 2:00,0,,,
3/23/2021 1:45,0,,,
3/23/2021 1:30,0,,,
3/23/2021 1:15,0,,,
3/23/2021 1:00,0,,,
3/23/2021 0:45,0,,,
3/23/2021 0:30,0,,,
3/23/2021 0:15,0,,,
3/23/2021 0:00,0,,,
3/22/2021 23:45,0,,,
3/22/2021 23:30,0,,,
3/22/2021 23:15,0,,,
3/22/2021 23:00,0,,,
3/22/2021 22:45,0,,,
3/22/2021 22:30,0,,,
3/22/2021 22:15,0,,,
3/22/2021 22:00,0,,,
3/22/2021 21:45,0,,,
3/22/2021 21:30,0,,,
3/22/2021 21:15,0,,,
3/22/2021 21:00,0,,,
3/22/2021 20:45,0,,,
3/22/2021 20:30,0,,,
3/22/2021 20:15,0,,,
3/22/2021 20:00,0,,,
3/22/2021 19:45,0,,,
3/22/2021 19:30,0,,,
3/22/2021 19:15,0,,,
3/22/2021 19:00,0,,,
3/22/2021 18:45,0,,,
3/22/2021 18:30,0,,,
3/22/2021 18:15,0,,,
3/22/2021 18:00,0,,,
3/22/2021 17:45,0,,,
3/22/2021 17:30,0,,,
3/22/2021 17:15,0,,,
3/22/2021 17:00,0,,,
3/22/2021 16:45,0,,,
3/22/2021 16:30,0,,,
3/22/2021 16:15,0,,,
3/22/2021 16:00,0,,,
3/22/2021 15:45,0,,,
3/22/2021 15:30,0,,,
3/22/2021 15:15,0,,,
3/22/2021 15:00,0,,,
3/22/2021 14:45,0,,,
3/22/2021 14:30,0,,,
3/22/2021 14:15,0,,,
3/22/2021 14:00,0,,,
3/22/2021 13:45,0,,,
3/22/2021 13:30,0,,,
3/22/2021 13:15,0,,,
3/22/2021 13:00,0,,,
3/22/2021 12:45,0,,,
3/22/2021 12:30,0,,,
3/22/2021 12:15,0,,,
3/22/2021 12:00,0,,,
3/22/2021 11:45,0,,,
3/22/2021 11:30,0,,,
3/22/2021 11:15,0,,,
3/22/2021 11:00,0,,,
3/22/2021 10:45,0,,,
3/22/2021 10:30,0,,,
3/22/2021 10:15,0,,,
3/22/2021 10:00,0,,,
3/22/2021 9:45,0,,,
3/22/2021 9:30,0,,,
3/22/2021 9:15,0,,,
3/22/2021 9:00,0,,,
3/22/2021 8:45,0,,,
3/22/2021 8:30,0,,,
3/22/2021 8:15,0,,,
3/22/2021 8:00,0,,,
3/22/2021 7:45,0,,,
3/22/2021 7:30,0,,,
3/22/2021 7:15,0,,,
3/22/2021 7:00,0,,,
3/22/2021 6:45,0,,,
3/22/2021 6:30,0,,,
3/22/2021 6:15,0,,,
3/22/2021 6:00,0,,,
3/22/2021 5:45,0,,,
3/22/2021 5:30,0,,,
3/22/2021 5:15,0,,,
3/22/2021 5:00,0,,,
3/22/2021 4:45,0,,,
3/22/2021 4:30,0,,,
3/22/2021 4:15,0,,,
3/22/2021 4:00,0,,,
3/22/2021 3:45,0,,,
3/22/2021 3:30,0,,,
3/22/2021 3:15,0,,,
3/22/2021 3:00,0,,,
3/22/2021 2:45,0,,,
3/22/2021 2:30,0,,,
3/22/2021 2:15,0,,,
3/22/2021 2:00,0,,,
3/22/2021 1:45,0,,,
3/22/2021 1:30,0,,,
3/22/2021 1:15,0,,,
3/22/2021 1:00,0,,,
3/22/2021 0:45,0,,,
3/22/2021 0:30,0,,,
3/22/2021 0:15,0,,,
3/22/2021 0:00,0,,,
3/21/2021 23:45,0,,,
3/21/2021 23:30,0,,,
3/21/2021 23:15,0,,,
3/21/2021 23:00,0,,,
3/21/2021 22:45,0,,,
3/21/2021 22:30,0,,,
3/21/2021 22:15,0,,,
3/21/2021 22:00,0,,,
3/21/2021 21:45,0,,,
3/21/2021 21:30,0,,,
3/21/2021 21:15,0,,,
3/21/2021 21:00,0,,,
3/21/2021 20:45,0,,,
3/21/2021 20:30,0,,,
3/21/2021 20:15,0,,,
3/21/2021 20:00,0,,,
3/21/2021 19:45,0,,,
3/21/2021 19:30,0,,,
3/21/2021 19:15,0,,,
3/21/2021 19:00,0,,,
3/21/2021 18:45,0,,,
3/21/2021 18:30,0,,,
3/21/2021 18:15,0,,,
3/21/2021 18:00,0,,,
3/21/2021 17:45,0,,,
3/21/2021 17:30,0,,,
3/21/2021 17:15,0,,,
3/21/2021 17:00,0,,,
3/21/2021 16:45,0,,,
3/21/2021 16:30,0,,,
3/21/2021 16:15,0,,,
3/21/2021 16:00,0,,,
3/21/2021 15:45,0,,,
3/21/2021 15:30,0,,,
3/21/2021 15:15,0,,,
3/21/2021 15:00,0,,,
3/21/2021 14:45,0,,,
3/21/2021 14:30,0,,,
3/21/2021 14:15,0,,,
3/21/2021 14:00,0,,,
3/21/2021 13:45,0,,,
3/21/2021 13:30,0,,,
3/21/2021 13:15,0,,,
3/21/2021 13:00,0,,,
3/21/2021 12:45,0,,,
3/21/2021 12:30,0,,,
3/21/2021 12:15,0,,,
3/21/2021 12:00,0,,,
3/21/2021 11:45,0,,,
3/21/2021 11:30,0,,,
3/21/2021 11:15,0,,,
3/21/2021 11:00,0,,,
3/21/2021 10:45,0,,,
3/21/2021 10:30,0,,,
3/21/2021 10:15,0,,,
3/21/2021 10:00,0,,,
3/21/2021 9:45,0,,,
3/21/2021 9:30,0,,,
3/21/2021 9:15,0,,,
3/21/2021 9:00,0,,,
3/21/2021 8:45,0,,,
3/21/2021 8:30,0,,,
3/21/2021 8:15,0,,,
3/21/2021 8:00,0,,,
3/21/2021 7:45,0,,,
3/21/2021 7:30,0,,,
3/21/2021 7:15,0,,,
3/21/2021 7:00,0,,,
3/21/2021 6:45,0,,,
3/21/2021 6:30,0,,,
3/21/2021 6:15,0,,,
3/21/2021 6:00,0,,,
3/21/2021 5:45,0,,,
3/21/2021 5:30,0,,,
3/21/2021 5:15,0,,,
3/21/2021 5:00,0,,,
3/21/2021 4:45,0,,,
3/21/2021 4:30,0,,,
3/21/2021 4:15,0,,,
3/21/2021 4:00,0,,,
3/21/2021 3:45,0,,,
3/21/2021 3:30,0,,,
3/21/2021 3:15,0,,,
3/21/2021 3:00,0,,,
3/21/2021 2:45,0,,,
3/21/2021 2:30,0,,,
3/21/2021 2:15,0,,,
3/21/2021 2:00,0,,,
3/21/2021 1:45,0,,,
3/21/2021 1:30,0,,,
3/21/2021 1:15,0,,,
3/21/2021 1:00,0,,,
3/21/2021 0:45,0,,,
3/21/2021 0:30,0,,,
3/21/2021 0:15,0,,,
3/21/2021 0:00,0,,,
3/20/2021 23:45,0,,,
3/20/2021 23:30,0,,,
3/20/2021 23:15,0,,,
3/20/2021 23:00,0,,,
3/20/2021 22:45,0,,,
3/20/2021 22:30,0,,,
3/20/2021 22:15,0,,,
3/20/2021 22:00,0,,,
3/20/2021 21:45,0,,,
3/20/2021 21:30,0,,,
3/20/2021 21:15,0,,,
3/20/2021 21:00,0,,,
3/20/2021 20:45,0,,,
3/20/2021 20:30,0,,,
3/20/2021 20:15,0,,,
3/20/2021 20:00,0,,,
3/20/2021 19:45,0,,,
3/20/2021 19:30,0,,,
3/20/2021 19:15,0,,,
3/20/2021 19:00,0,,,
3/20/2021 18:45,0,,,
3/20/2021 18:30,0,,,
3/20/2021 18:15,0,,,
3/20/2021 18:00,0,,,
3/20/2021 17:45,0,,,
3/20/2021 17:30,0,,,
3/20/2021 17:15,0,,,
3/20/2021 17:00,0,,,
3/20/2021 16:45,0,,,
3/20/2021 16:30,0,,,
3/20/2021 16:15,0,,,
3/20/2021 16:00,0,,,
3/20/2021 15:45,0,,,
3/20/2021 15:30,0,,,
3/20/2021 15:15,0,,,
3/20/2021 15:00,0,,,
3/20/2021 14:45,0,,,
3/20/2021 14:30,0,,,
3/20/2021 14:15,0,,,
3/20/2021 14:00,0,,,
3/20/2021 13:45,0,,,
3/20/2021 13:30,0,,,
3/20/2021 13:15,0,,,
3/20/2021 13:00,0,,,
3/20/2021 12:45,0,,,
3/20/2021 12:30,0,,,
3/20/2021 12:15,0,,,
3/20/2021 12:00,0,,,
3/20/2021 11:45,0,,,
3/20/2021 11:30,0,,,
3/20/2021 11:15,0,,,
3/20/2021 11:00,0,,,
3/20/2021 10:45,0,,,
3/20/2021 10:30,0,,,
3/20/2021 10:15,0,,,
3/20/2021 10:00,0,,,
3/20/2021 9:45,0,,,
3/20/2021 9:30,0,,,
3/20/2021 9:15,0,,,
3/20/2021 9:00,0,,,
3/20/2021 8:45,0,,,
3/20/2021 8:30,0,,,
3/20/2021 8:15,0,,,
3/20/2021 8:00,0,,,
3/20/2021 7:45,0,,,
3/20/2021 7:30,0,,,
3/20/2021 7:15,0,,,
3/20/2021 7:00,0,,,
3/20/2021 6:45,0,,,
3/20/2021 6:30,0,,,
3/20/2021 6:15,0,,,
3/20/2021 6:00,0,,,
3/20/2021 5:45,0,,,
3/20/2021 5:30,0,,,
3/20/2021 5:15,0,,,
3/20/2021 5:00,0,,,
3/20/2021 4:45,0,,,
3/20/2021 4:30,0,,,
3/20/2021 4:15,0,,,
3/20/2021 4:00,0,,,
3/20/2021 3:45,0,,,
3/20/2021 3:30,0,,,
3/20/2021 3:15,0,,,
3/20/2021 3:00,0,,,
3/20/2021 2:45,0,,,
3/20/2021 2:30,0,,,
3/20/2021 2:15,0,,,
3/20/2021 2:00,0,,,
3/20/2021 1:45,0,,,
3/20/2021 1:30,0,,,
3/20/2021 1:15,0,,,
3/20/2021 1:00,0,,,
3/20/2021 0:45,0,,,
3/20/2021 0:30,0,,,
3/20/2021 0:15,0,,,
3/20/2021 0:00,0,,,
3/19/2021 23:45,0,,,
3/19/2021 23:30,0,,,
3/19/2021 23:15,0,,,
3/19/2021 23:00,0,,,
3/19/2021 22:45,0,,,
3/19/2021 22:30,0,,,
3/19/2021 22:15,0,,,
3/19/2021 22:00,0,,,
3/19/2021 21:45,0,,,
3/19/2021 21:30,0,,,
3/19/2021 21:15,0,,,
3/19/2021 21:00,0,,,
3/19/2021 20:45,0,,,
3/19/2021 20:30,0,,,
3/19/2021 20:15,0,,,
3/19/2021 20:00,0,,,
3/19/2021 19:45,0,,,
3/19/2021 19:30,0,,,
3/19/2021 19:15,0,,,
3/19/2021 19:00,0,,,
3/19/2021 18:45,0,,,
3/19/2021 18:30,0,,,
3/19/2021 18:15,0,,,
3/19/2021 18:00,0,,,
3/19/2021 17:45,0,,,
3/19/2021 17:30,0,,,
3/19/2021 17:15,0,,,
3/19/2021 17:00,0,,,
3/19/2021 16:45,0,,,
3/19/2021 16:30,0,,,
3/19/2021 16:15,0,,,
3/19/2021 16:00,0,,,
3/19/2021 15:45,0,,,
3/19/2021 15:30,0,,,
3/19/2021 15:15,0,,,
3/19/2021 15:00,0,,,
3/19/2021 14:45,0,,,
3/19/2021 14:30,0,,,
3/19/2021 14:15,0,,,
3/19/2021 14:00,0,,,
3/19/2021 13:45,0,,,
3/19/2021 13:30,0,,,
3/19/2021 13:15,0,,,
3/19/2021 13:00,0,,,
3/19/2021 12:45,0,,,
3/19/2021 12:30,0,,,
3/19/2021 12:15,0,,,
3/19/2021 12:00,0,,,
3/19/2021 11:45,0,,,
3/19/2021 11:30,0,,,
3/19/2021 11:15,0,,,
3/19/2021 11:00,0,,,
3/19/2021 10:45,0,,,
3/19/2021 10:30,0,,,
3/19/2021 10:15,0,,,
3/19/2021 10:00,0,,,
3/19/2021 9:45,0,,,
3/19/2021 9:30,0,,,
3/19/2021 9:15,0,,,
3/19/2021 9:00,0,,,
3/19/2021 8:45,0,,,
3/19/2021 8:30,0,,,
3/19/2021 8:15,0,,,
3/19/2021 8:00,0,,,
3/19/2021 7:45,0,,,
3/19/2021 7:30,0,,,
3/19/2021 7:15,0,,,
3/19/2021 7:00,1,,,
3/19/2021 6:45,0,,,
3/19/2021 6:30,0,,,
3/19/2021 6:15,0,,,
3/19/2021 6:00,0,,,
3/19/2021 5:45,0,,,
3/19/2021 5:30,0,,,
3/19/2021 5:15,0,,,
3/19/2021 5:00,0,,,
3/19/2021 4:45,0,,,
3/19/2021 4:30,0,,,
3/19/2021 4:15,0,,,
3/19/2021 4:00,0,,,
3/19/2021 3:45,0,,,
3/19/2021 3:30,0,,,
3/19/2021 3:15,0,,,
3/19/2021 3:00,0,,,
3/19/2021 2:45,0,,,
3/19/2021 2:30,0,,,
3/19/2021 2:15,0,,,
3/19/2021 2:00,0,,,
3/19/2021 1:45,0,,,
3/19/2021 1:30,0,,,
3/19/2021 1:15,0,,,
3/19/2021 1:00,0,,,
3/19/2021 0:45,0,,,
3/19/2021 0:30,0,,,
3/19/2021 0:15,0,,,
3/19/2021 0:00,0,,,
3/18/2021 23:45,0,,,
3/18/2021 23:30,0,,,
3/18/2021 23:15,0,,,
3/18/2021 23:00,0,,,
3/18/2021 22:45,0,,,
3/18/2021 22:30,0,,,
3/18/2021 22:15,0,,,
3/18/2021 22:00,0,,,
3/18/2021 21:45,0,,,
3/18/2021 21:30,0,,,
3/18/2021 21:15,0,,,
3/18/2021 21:00,0,,,
3/18/2021 20:45,0,,,
3/18/2021 20:30,0,,,
3/18/2021 20:15,0,,,
3/18/2021 20:00,0,,,
3/18/2021 19:45,0,,,
3/18/2021 19:30,0,,,
3/18/2021 19:15,0,,,
3/18/2021 19:00,0,,,
3/18/2021 18:45,0,,,
3/18/2021 18:30,0,,,
3/18/2021 18:15,0,,,
3/18/2021 18:00,0,,,
3/18/2021 17:45,0,,,
3/18/2021 17:30,0,,,
3/18/2021 17:15,0,,,
3/18/2021 17:00,0,,,
3/18/2021 16:45,0,,,
3/18/2021 16:30,0,,,
3/18/2021 16:15,0,,,
3/18/2021 16:00,0,,,
3/18/2021 15:45,0,,,
3/18/2021 15:30,0,,,
3/18/2021 15:15,0,,,
3/18/2021 15:00,0,,,
3/18/2021 14:45,0,,,
3/18/2021 14:30,0,,,
3/18/2021 14:15,0,,,
3/18/2021 14:00,0,,,
3/18/2021 13:45,0,,,
3/18/2021 13:30,0,,,
3/18/2021 13:15,0,,,
3/18/2021 13:00,0,,,
3/18/2021 12:45,0,,,
3/18/2021 12:30,0,,,
3/18/2021 12:15,0,,,
3/18/2021 12:00,0,,,
3/18/2021 11:45,0,,,
3/18/2021 11:30,0,,,
3/18/2021 11:15,0,,,
3/18/2021 11:00,0,,,
3/18/2021 10:45,0,,,
3/18/2021 10:30,0,,,
3/18/2021 10:15,0,,,
3/18/2021 10:00,0,,,
3/18/2021 9:45,0,,,
3/18/2021 9:30,0,,,
3/18/2021 9:15,0,,,
3/18/2021 9:00,0,,,
3/18/2021 8:45,0,,,
3/18/2021 8:30,0,,,
3/18/2021 8:15,0,,,
3/18/2021 8:00,0,,,
3/18/2021 7:45,0,,,
3/18/2021 7:30,0,,,
3/18/2021 7:15,0,,,
3/18/2021 7:00,0,,,
3/18/2021 6:45,0,,,
3/18/2021 6:30,0,,,
3/18/2021 6:15,0,,,
3/18/2021 6:00,0,,,
3/18/2021 5:45,0,,,
3/18/2021 5:30,0,,,
3/18/2021 5:15,0,,,
3/18/2021 5:00,0,,,
3/18/2021 4:45,0,,,
3/18/2021 4:30,0,,,
3/18/2021 4:15,0,,,
3/18/2021 4:00,0,,,
3/18/2021 3:45,0,,,
3/18/2021 3:30,0,,,
3/18/2021 3:15,0,,,
3/18/2021 3:00,0,,,
3/18/2021 2:45,0,,,
3/18/2021 2:30,0,,,
3/18/2021 2:15,0,,,
3/18/2021 2:00,0,,,
3/18/2021 1:45,0,,,
3/18/2021 1:30,0,,,
3/18/2021 1:15,0,,,
3/18/2021 1:00,0,,,
3/18/2021 0:45,0,,,
3/18/2021 0:30,0,,,
3/18/2021 0:15,0,,,
3/18/2021 0:00,0,,,
3/17/2021 23:45,0,,,
3/17/2021 23:30,0,,,
3/17/2021 23:15,0,,,
3/17/2021 23:00,0,,,
3/17/2021 22:45,0,,,
3/17/2021 22:30,0,,,
3/17/2021 22:15,0,,,
3/17/2021 22:00,0,,,
3/17/2021 21:45,0,,,
3/17/2021 21:30,0,,,
3/17/2021 21:15,0,,,
3/17/2021 21:00,0,,,
3/17/2021 20:45,0,,,
3/17/2021 20:30,0,,,
3/17/2021 20:15,0,,,
3/17/2021 20:00,0,,,
3/17/2021 19:45,0,,,
3/17/2021 19:30,0,,,
3/17/2021 19:15,0,,,
3/17/2021 19:00,0,,,
3/17/2021 18:45,0,,,
3/17/2021 18:30,0,,,
3/17/2021 18:15,0,,,
3/17/2021 18:00,0,,,
3/17/2021 17:45,0,,,
3/17/2021 17:30,0,,,
3/17/2021 17:15,0,,,
3/17/2021 17:00,0,,,
3/17/2021 16:45,0,,,
3/17/2021 16:30,0,,,
3/17/2021 16:15,0,,,
3/17/2021 16:00,0,,,
3/17/2021 15:45,0,,,
3/17/2021 15:30,0,,,
3/17/2021 15:15,0,,,
3/17/2021 15:00,0,,,
3/17/2021 14:45,0,,,
3/17/2021 14:30,0,,,
3/17/2021 14:15,0,,,
3/17/2021 14:00,0,,,
3/17/2021 13:45,0,,,
3/17/2021 13:30,0,,,
3/17/2021 13:15,0,,,
3/17/2021 13:00,0,,,
3/17/2021 12:45,0,,,
3/17/2021 12:30,0,,,
3/17/2021 12:15,0,,,
3/17/2021 12:00,0,,,
3/17/2021 11:45,0,,,
3/17/2021 11:30,0,,,
3/17/2021 11:15,0,,,
3/17/2021 11:00,0,,,
3/17/2021 10:45,0,,,
3/17/2021 10:30,0,,,
3/17/2021 10:15,0,,,
3/17/2021 10:00,0,,,
3/17/2021 9:45,0,,,
3/17/2021 9:30,0,,,
3/17/2021 9:15,0,,,
3/17/2021 9:00,0,,,
3/17/2021 8:45,0,,,
3/17/2021 8:30,0,,,
3/17/2021 8:15,0,,,
3/17/2021 8:00,0,,,
3/17/2021 7:45,0,,,
3/17/2021 7:30,0,,,
3/17/2021 7:15,0,,,
3/17/2021 7:00,0,,,
3/17/2021 6:45,0,,,
3/17/2021 6:30,0,,,
3/17/2021 6:15,0,,,
3/17/2021 6:00,0,,,
3/17/2021 5:45,0,,,
3/17/2021 5:30,0,,,
3/17/2021 5:15,0,,,
3/17/2021 5:00,0,,,
3/17/2021 4:45,0,,,
3/17/2021 4:30,0,,,
3/17/2021 4:15,0,,,
3/17/2021 4:00,0,,,
3/17/2021 3:45,0,,,
3/17/2021 3:30,0,,,
3/17/2021 3:15,0,,,
3/17/2021 3:00,0,,,
3/17/2021 2:45,0,,,
3/17/2021 2:30,0,,,
3/17/2021 2:15,0,,,
3/17/2021 2:00,0,,,
3/17/2021 1:45,0,,,
3/17/2021 1:30,0,,,
3/17/2021 1:15,0,,,
3/17/2021 1:00,0,,,
3/17/2021 0:45,0,,,
3/17/2021 0:30,0,,,
3/17/2021 0:15,0,,,
3/17/2021 0:00,0,,,
3/16/2021 23:45,0,,,
3/16/2021 23:30,0,,,
3/16/2021 23:15,0,,,
3/16/2021 23:00,0,,,
3/16/2021 22:45,0,,,
3/16/2021 22:30,0,,,
3/16/2021 22:15,0,,,
3/16/2021 22:00,0,,,
3/16/2021 21:45,0,,,
3/16/2021 21:30,0,,,
3/16/2021 21:15,0,,,
3/16/2021 21:00,0,,,
3/16/2021 20:45,0,,,
3/16/2021 20:30,0,,,
3/16/2021 20:15,0,,,
3/16/2021 20:00,0,,,
3/16/2021 19:45,0,,,
3/16/2021 19:30,0,,,
3/16/2021 19:15,0,,,
3/16/2021 19:00,0,,,
3/16/2021 18:45,0,,,
3/16/2021 18:30,0,,,
3/16/2021 18:15,0,,,
3/16/2021 18:00,0,,,
3/16/2021 17:45,0,,,
3/16/2021 17:30,0,,,
3/16/2021 17:15,0,,,
3/16/2021 17:00,0,,,
3/16/2021 16:45,0,,,
3/16/2021 16:30,0,,,
3/16/2021 16:15,0,,,
3/16/2021 16:00,0,,,
3/16/2021 15:45,0,,,
3/16/2021 15:30,0,,,
3/16/2021 15:15,0,,,
3/16/2021 15:00,0,,,
3/16/2021 14:45,0,,,
3/16/2021 14:30,0,,,
3/16/2021 14:15,0,,,
3/16/2021 14:00,0,,,
3/16/2021 13:45,0,,,
3/16/2021 13:30,0,,,
3/16/2021 13:15,0,,,
3/16/2021 13:00,0,,,
3/16/2021 12:45,0,,,
3/16/2021 12:30,0,,,
3/16/2021 12:15,0,,,
3/16/2021 12:00,0,,,
3/16/2021 11:45,0,,,
3/16/2021 11:30,0,,,
3/16/2021 11:15,0,,,
3/16/2021 11:00,0,,,
3/16/2021 10:45,0,,,
3/16/2021 10:30,0,,,
3/16/2021 10:15,0,,,
3/16/2021 10:00,0,,,
3/16/2021 9:45,0,,,
3/16/2021 9:30,0,,,
3/16/2021 9:15,0,,,
3/16/2021 9:00,0,,,
3/16/2021 8:45,0,,,
3/16/2021 8:30,0,,,
3/16/2021 8:15,0,,,
3/16/2021 8:00,0,,,
3/16/2021 7:45,0,,,
3/16/2021 7:30,0,,,
3/16/2021 7:15,0,,,
3/16/2021 7:00,0,,,
3/16/2021 6:45,0,,,
3/16/2021 6:30,0,,,
3/16/2021 6:15,0,,,
3/16/2021 6:00,0,,,
3/16/2021 5:45,0,,,
3/16/2021 5:30,0,,,
3/16/2021 5:15,0,,,
3/16/2021 5:00,0,,,
3/16/2021 4:45,0,,,
3/16/2021 4:30,0,,,
3/16/2021 4:15,0,,,
3/16/2021 4:00,0,,,
3/16/2021 3:45,0,,,
3/16/2021 3:30,0,,,
3/16/2021 3:15,0,,,
3/16/2021 3:00,0,,,
3/16/2021 2:45,0,,,
3/16/2021 2:30,0,,,
3/16/2021 2:15,0,,,
3/16/2021 2:00,0,,,
3/16/2021 1:45,0,,,
3/16/2021 1:30,0,,,
3/16/2021 1:15,0,,,
3/16/2021 1:00,0,,,
3/16/2021 0:45,0,,,
3/16/2021 0:30,0,,,
3/16/2021 0:15,0,,,
3/16/2021 0:00,0,,,
3/15/2021 23:45,0,,,
3/15/2021 23:30,0,,,
3/15/2021 23:15,0,,,
3/15/2021 23:00,0,,,
3/15/2021 22:45,0,,,
3/15/2021 22:30,0,,,
3/15/2021 22:15,0,,,
3/15/2021 22:00,0,,,
3/15/2021 21:45,0,,,
3/15/2021 21:30,0,,,
3/15/2021 21:15,0,,,
3/15/2021 21:00,0,,,
3/15/2021 20:45,0,,,
3/15/2021 20:30,0,,,
3/15/2021 20:15,0,,,
3/15/2021 20:00,0,,,
3/15/2021 19:45,0,,,
3/15/2021 19:30,0,,,
3/15/2021 19:15,0,,,
3/15/2021 19:00,0,,,
3/15/2021 18:45,0,,,
3/15/2021 18:30,0,,,
3/15/2021 18:15,0,,,
3/15/2021 18:00,0,,,
3/15/2021 17:45,0,,,
3/15/2021 17:30,0,,,
3/15/2021 17:15,0,,,
3/15/2021 17:00,0,,,
3/15/2021 16:45,0,,,
3/15/2021 16:30,0,,,
3/15/2021 16:15,0,,,
3/15/2021 16:00,0,,,
3/15/2021 15:45,0,,,
3/15/2021 15:30,0,,,
3/15/2021 15:15,0,,,
3/15/2021 15:00,0,,,
3/15/2021 14:45,0,,,
3/15/2021 14:30,0,,,
3/15/2021 14:15,0,,,
3/15/2021 14:00,0,,,
3/15/2021 13:45,0,,,
3/15/2021 13:30,0,,,
3/15/2021 13:15,0,,,
3/15/2021 13:00,0,,,
3/15/2021 12:45,0,,,
3/15/2021 12:30,0,,,
3/15/2021 12:15,0,,,
3/15/2021 12:00,0,,,
3/15/2021 11:45,0,,,
3/15/2021 11:30,0,,,
3/15/2021 11:15,0,,,
3/15/2021 11:00,0,,,
3/15/2021 10:45,0,,,
3/15/2021 10:30,0,,,
3/15/2021 10:15,0,,,
3/15/2021 10:00,0,,,
3/15/2021 9:45,0,,,
3/15/2021 9:30,0,,,
3/15/2021 9:15,0,,,
3/15/2021 9:00,0,,,
3/15/2021 8:45,0,,,
3/15/2021 8:30,0,,,
3/15/2021 8:15,0,,,
3/15/2021 8:00,0,,,
3/15/2021 7:45,0,,,
3/15/2021 7:30,0,,,
3/15/2021 7:15,0,,,
3/15/2021 7:00,0,,,
3/15/2021 6:45,0,,,
3/15/2021 6:30,0,,,
3/15/2021 6:15,0,,,
3/15/2021 6:00,0,,,
3/15/2021 5:45,0,,,
3/15/2021 5:30,0,,,
3/15/2021 5:15,0,,,
3/15/2021 5:00,0,,,
3/15/2021 4:45,0,,,
3/15/2021 4:30,0,,,
3/15/2021 4:15,0,,,
3/15/2021 4:00,0,,,
3/15/2021 3:45,0,,,
3/15/2021 3:30,0,,,
3/15/2021 3:15,0,,,
3/15/2021 3:00,0,,,
3/15/2021 2:45,0,,,
3/15/2021 2:30,0,,,
3/15/2021 2:15,0,,,
3/15/2021 2:00,0,,,
3/15/2021 1:45,0,,,
3/15/2021 1:30,0,,,
3/15/2021 1:15,0,,,
3/15/2021 1:00,0,,,
3/15/2021 0:45,0,,,
3/15/2021 0:30,0,,,
3/15/2021 0:15,0,,,
3/15/2021 0:00,0,,,
3/14/2021 23:45,0,,,
3/14/2021 23:30,0,,,
3/14/2021 23:15,0,,,
3/14/2021 23:00,0,,,
3/14/2021 22:45,0,,,
3/14/2021 22:30,0,,,
3/14/2021 22:15,0,,,
3/14/2021 22:00,0,,,
3/14/2021 21:45,0,,,
3/14/2021 21:30,0,,,
3/14/2021 21:15,0,,,
3/14/2021 21:00,0,,,
3/14/2021 20:45,0,,,
3/14/2021 20:30,0,,,
3/14/2021 20:15,0,,,
3/14/2021 20:00,0,,,
3/14/2021 19:45,0,,,
3/14/2021 19:30,0,,,
3/14/2021 19:15,0,,,
3/14/2021 19:00,0,,,
3/14/2021 18:45,0,,,
3/14/2021 18:30,0,,,
3/14/2021 18:15,0,,,
3/14/2021 18:00,0,,,
3/14/2021 17:45,0,,,
3/14/2021 17:30,0,,,
3/14/2021 17:15,0,,,
3/14/2021 17:00,0,,,
3/14/2021 16:45,0,,,
3/14/2021 16:30,0,,,
3/14/2021 16:15,0,,,
3/14/2021 16:00,0,,,
3/14/2021 15:45,0,,,
3/14/2021 15:30,0,,,
3/14/2021 15:15,0,,,
3/14/2021 15:00,0,,,
3/14/2021 14:45,0,,,
3/14/2021 14:30,0,,,
3/14/2021 14:15,0,,,
3/14/2021 14:00,0,,,
3/14/2021 13:45,0,,,
3/14/2021 13:30,0,,,
3/14/2021 13:15,0,,,
3/14/2021 13:00,0,,,
3/14/2021 12:45,0,,,
3/14/2021 12:30,0,,,
3/14/2021 12:15,0,,,
3/14/2021 12:00,0,,,
3/14/2021 11:45,0,,,
3/14/2021 11:30,0,,,
3/14/2021 11:15,0,,,
3/14/2021 11:00,0,,,
3/14/2021 10:45,0,,,
3/14/2021 10:30,0,,,
3/14/2021 10:15,0,,,
3/14/2021 10:00,0,,,
3/14/2021 9:45,0,,,
3/14/2021 9:30,0,,,
3/14/2021 9:15,0,,,
3/14/2021 9:00,0,,,
3/14/2021 8:45,0,,,
3/14/2021 8:30,0,,,
3/14/2021 8:15,0,,,
3/14/2021 8:00,0,,,
3/14/2021 7:45,0,,,
3/14/2021 7:30,0,,,
3/14/2021 7:15,0,,,
3/14/2021 7:00,0,,,
3/14/2021 6:45,0,,,
3/14/2021 6:30,0,,,
3/14/2021 6:15,0,,,
3/14/2021 6:00,0,,,
3/14/2021 5:45,0,,,
3/14/2021 5:30,0,,,
3/14/2021 5:15,0,,,
3/14/2021 5:00,0,,,
3/14/2021 4:45,0,,,
3/14/2021 4:30,0,,,
3/14/2021 4:15,0,,,
3/14/2021 4:00,0,,,
3/14/2021 3:45,0,,,
3/14/2021 3:30,0,,,
3/14/2021 3:15,0,,,
3/14/2021 3:00,,System clock changed,,
3/14/2021 3:00,0,,,
3/14/2021 3:00,0,,,
3/14/2021 1:45,0,,,
3/14/2021 1:30,0,,,
3/14/2021 1:15,0,,,
3/14/2021 1:00,0,,,
3/14/2021 0:45,0,,,
3/14/2021 0:30,0,,,
3/14/2021 0:15,0,,,
3/14/2021 0:00,0,,,
3/13/2021 23:45,0,,,
3/13/2021 23:30,0,,,
3/13/2021 23:15,0,,,
3/13/2021 23:00,0,,,
3/13/2021 22:45,0,,,
3/13/2021 22:30,0,,,
3/13/2021 22:15,0,,,
3/13/2021 22:00,0,,,
3/13/2021 21:45,0,,,
3/13/2021 21:30,0,,,
3/13/2021 21:15,0,,,
3/13/2021 21:00,0,,,
3/13/2021 20:45,0,,,
3/13/2021 20:30,0,,,
3/13/2021 20:15,0,,,
3/13/2021 20:00,0,,,
3/13/2021 19:45,0,,,
3/13/2021 19:30,0,,,
3/13/2021 19:15,0,,,
3/13/2021 19:00,0,,,
3/13/2021 18:45,0,,,
3/13/2021 18:30,0,,,
3/13/2021 18:15,0,,,
3/13/2021 18:00,0,,,
3/13/2021 17:45,0,,,
3/13/2021 17:30,0,,,
3/13/2021 17:15,0,,,
3/13/2021 17:00,0,,,
3/13/2021 16:45,0,,,
3/13/2021 16:30,0,,,
3/13/2021 16:15,0,,,
3/13/2021 16:00,0,,,
3/13/2021 15:45,0,,,
3/13/2021 15:30,0,,,
3/13/2021 15:15,0,,,
3/13/2021 15:00,0,,,
3/13/2021 14:45,0,,,
3/13/2021 14:30,0,,,
3/13/2021 14:15,0,,,
3/13/2021 14:00,0,,,
3/13/2021 13:45,0,,,
3/13/2021 13:30,0,,,
3/13/2021 13:15,0,,,
3/13/2021 13:00,0,,,
3/13/2021 12:45,0,,,
3/13/2021 12:30,0,,,
3/13/2021 12:15,0,,,
3/13/2021 12:00,0,,,
3/13/2021 11:45,0,,,
3/13/2021 11:30,0,,,
3/13/2021 11:15,0,,,
3/13/2021 11:00,0,,,
3/13/2021 10:45,0,,,
3/13/2021 10:30,0,,,
3/13/2021 10:15,0,,,
3/13/2021 10:00,0,,,
3/13/2021 9:45,0,,,
3/13/2021 9:30,0,,,
3/13/2021 9:15,0,,,
3/13/2021 9:00,0,,,
3/13/2021 8:45,0,,,
3/13/2021 8:30,0,,,
3/13/2021 8:15,0,,,
3/13/2021 8:00,0,,,
3/13/2021 7:45,0,,,
3/13/2021 7:30,0,,,
3/13/2021 7:15,0,,,
3/13/2021 7:00,0,,,
3/13/2021 6:45,0,,,
3/13/2021 6:30,0,,,
3/13/2021 6:15,0,,,
3/13/2021 6:00,0,,,
3/13/2021 5:45,0,,,
3/13/2021 5:30,0,,,
3/13/2021 5:15,0,,,
3/13/2021 5:00,0,,,
3/13/2021 4:45,0,,,
3/13/2021 4:30,0,,,
3/13/2021 4:15,0,,,
3/13/2021 4:00,0,,,
3/13/2021 3:45,0,,,
3/13/2021 3:30,0,,,
3/13/2021 3:15,0,,,
3/13/2021 3:00,0,,,
3/13/2021 2:45,0,,,
3/13/2021 2:30,0,,,
3/13/2021 2:15,0,,,
3/13/2021 2:00,0,,,
3/13/2021 1:45,0,,,
3/13/2021 1:30,0,,,
3/13/2021 1:15,0,,,
3/13/2021 1:00,0,,,
3/13/2021 0:45,0,,,
3/13/2021 0:30,0,,,
3/13/2021 0:15,0,,,
3/13/2021 0:00,0,,,
3/12/2021 23:45,0,,,
3/12/2021 23:30,0,,,
3/12/2021 23:15,0,,,
3/12/2021 23:00,0,,,
3/12/2021 22:45,0,,,
3/12/2021 22:30,0,,,
3/12/2021 22:15,0,,,
3/12/2021 22:00,0,,,
3/12/2021 21:45,0,,,
3/12/2021 21:30,0,,,
3/12/2021 21:15,0,,,
3/12/2021 21:00,0,,,
3/12/2021 20:45,0,,,
3/12/2021 20:30,0,,,
3/12/2021 20:15,0,,,
3/12/2021 20:00,0,,,
3/12/2021 19:45,0,,,
3/12/2021 19:30,0,,,
3/12/2021 19:15,0,,,
3/12/2021 19:00,0,,,
3/12/2021 18:45,0,,,
3/12/2021 18:30,0,,,
3/12/2021 18:15,0,,,
3/12/2021 18:00,0,,,
3/12/2021 17:45,0,,,
3/12/2021 17:30,0,,,
3/12/2021 17:15,0,,,
3/12/2021 17:00,0,,,
3/12/2021 16:45,0,,,
3/12/2021 16:30,0,,,
3/12/2021 16:15,0,,,
3/12/2021 16:00,0,,,
3/12/2021 15:45,0,,,
3/12/2021 15:30,0,,,
3/12/2021 15:15,0,,,
3/12/2021 15:00,0,,,
3/12/2021 14:45,0,,,
3/12/2021 14:30,0,,,
3/12/2021 14:15,0,,,
3/12/2021 14:00,0,,,
3/12/2021 13:45,0,,,
3/12/2021 13:30,0,,,
3/12/2021 13:15,0,,,
3/12/2021 13:00,0,,,
3/12/2021 12:45,0,,,
3/12/2021 12:30,0,,,
3/12/2021 12:15,0,,,
3/12/2021 12:00,0,,,
3/12/2021 11:45,0,,,
3/12/2021 11:30,0,,,
3/12/2021 11:15,0,,,
3/12/2021 11:00,0,,,
3/12/2021 10:45,0,,,
3/12/2021 10:30,0,,,
3/12/2021 10:15,0,,,
3/12/2021 10:00,0,,,
3/12/2021 9:45,0,,,
3/12/2021 9:30,0,,,
3/12/2021 9:15,0,,,
3/12/2021 9:00,0,,,
3/12/2021 8:45,0,,,
3/12/2021 8:30,0,,,
3/12/2021 8:15,0,,,
3/12/2021 8:00,0,,,
3/12/2021 7:45,0,,,
3/12/2021 7:30,0,,,
3/12/2021 7:15,0,,,
3/12/2021 7:00,0,,,
3/12/2021 6:45,0,,,
3/12/2021 6:30,0,,,
3/12/2021 6:15,0,,,
3/12/2021 6:00,0,,,
3/12/2021 5:45,0,,,
3/12/2021 5:30,0,,,
3/12/2021 5:15,0,,,
3/12/2021 5:00,0,,,
3/12/2021 4:45,0,,,
3/12/2021 4:30,0,,,
3/12/2021 4:15,0,,,
3/12/2021 4:00,0,,,
3/12/2021 3:45,0,,,
3/12/2021 3:30,0,,,
3/12/2021 3:15,0,,,
3/12/2021 3:00,0,,,
3/12/2021 2:45,0,,,
3/12/2021 2:30,0,,,
3/12/2021 2:15,0,,,
3/12/2021 2:00,0,,,
3/12/2021 1:45,0,,,
3/12/2021 1:30,0,,,
3/12/2021 1:15,0,,,
3/12/2021 1:00,0,,,
3/12/2021 0:45,0,,,
3/12/2021 0:30,0,,,
3/12/2021 0:15,0,,,
3/12/2021 0:00,0,,,
3/11/2021 23:45,0,,,
3/11/2021 23:30,0,,,
3/11/2021 23:15,0,,,
3/11/2021 23:00,0,,,
3/11/2021 22:45,0,,,
3/11/2021 22:30,0,,,
3/11/2021 22:15,0,,,
3/11/2021 22:00,0,,,
3/11/2021 21:45,0,,,
3/11/2021 21:30,0,,,
3/11/2021 21:15,0,,,
3/11/2021 21:00,0,,,
3/11/2021 20:45,0,,,
3/11/2021 20:30,0,,,
3/11/2021 20:15,0,,,
3/11/2021 20:00,0,,,
3/11/2021 19:45,0,,,
3/11/2021 19:30,0,,,
3/11/2021 19:15,0,,,
3/11/2021 19:00,0,,,
3/11/2021 18:45,0,,,
3/11/2021 18:30,0,,,
3/11/2021 18:15,0,,,
3/11/2021 18:00,0,,,
3/11/2021 17:45,0,,,
3/11/2021 17:30,0,,,
3/11/2021 17:15,0,,,
3/11/2021 17:00,0,,,
3/11/2021 16:45,0,,,
3/11/2021 16:30,0,,,
3/11/2021 16:15,0,,,
3/11/2021 16:00,0,,,
3/11/2021 15:45,0,,,
3/11/2021 15:30,0,,,
3/11/2021 15:15,0,,,
3/11/2021 15:00,0,,,
3/11/2021 14:45,0,,,
3/11/2021 14:30,0,,,
3/11/2021 14:15,0,,,
3/11/2021 14:00,0,,,
3/11/2021 13:45,0,,,
3/11/2021 13:30,0,,,
3/11/2021 13:15,0,,,
3/11/2021 13:00,0,,,
3/11/2021 12:45,0,,,
3/11/2021 12:30,0,,,
3/11/2021 12:15,0,,,
3/11/2021 12:00,0,,,
3/11/2021 11:45,0,,,
3/11/2021 11:30,0,,,
3/11/2021 11:15,0,,,
3/11/2021 11:00,0,,,
3/11/2021 10:45,0,,,
3/11/2021 10:30,0,,,
3/11/2021 10:15,0,,,
3/11/2021 10:00,0,,,
3/11/2021 9:45,0,,,
3/11/2021 9:30,0,,,
3/11/2021 9:15,0,,,
3/11/2021 9:00,0,,,
3/11/2021 8:45,0,,,
3/11/2021 8:30,0,,,
3/11/2021 8:15,0,,,
3/11/2021 8:00,0,,,
3/11/2021 7:45,0,,,
3/11/2021 7:30,0,,,
3/11/2021 7:15,0,,,
3/11/2021 7:00,0,,,
3/11/2021 6:45,0,,,
3/11/2021 6:30,0,,,
3/11/2021 6:15,0,,,
3/11/2021 6:00,0,,,
3/11/2021 5:45,0,,,
3/11/2021 5:30,0,,,
3/11/2021 5:15,0,,,
3/11/2021 5:00,0,,,
3/11/2021 4:45,0,,,
3/11/2021 4:30,0,,,
3/11/2021 4:15,0,,,
3/11/2021 4:00,0,,,
3/11/2021 3:45,0,,,
3/11/2021 3:30,0,,,
3/11/2021 3:15,0,,,
3/11/2021 3:00,0,,,
3/11/2021 2:45,0,,,
3/11/2021 2:30,0,,,
3/11/2021 2:15,0,,,
3/11/2021 2:00,0,,,
3/11/2021 1:45,0,,,
3/11/2021 1:30,0,,,
3/11/2021 1:15,0,,,
3/11/2021 1:00,0,,,
3/11/2021 0:45,0,,,
3/11/2021 0:30,0,,,
3/11/2021 0:15,0,,,
3/11/2021 0:00,0,,,
3/10/2021 23:45,0,,,
3/10/2021 23:30,0,,,
3/10/2021 23:15,0,,,
3/10/2021 23:00,0,,,
3/10/2021 22:45,0,,,
3/10/2021 22:30,0,,,
3/10/2021 22:15,0,,,
3/10/2021 22:00,0,,,
3/10/2021 21:45,0,,,
3/10/2021 21:30,0,,,
3/10/2021 21:15,0,,,
3/10/2021 21:00,0,,,
3/10/2021 20:45,0,,,
3/10/2021 20:30,0,,,
3/10/2021 20:15,0,,,
3/10/2021 20:00,0,,,
3/10/2021 19:45,0,,,
3/10/2021 19:30,0,,,
3/10/2021 19:15,0,,,
3/10/2021 19:00,0,,,
3/10/2021 18:45,0,,,
3/10/2021 18:30,0,,,
3/10/2021 18:15,0,,,
3/10/2021 18:00,0,,,
3/10/2021 17:45,0,,,
3/10/2021 17:30,0,,,
3/10/2021 17:15,0,,,
3/10/2021 17:00,0,,,
3/10/2021 16:45,0,,,
3/10/2021 16:30,0,,,
3/10/2021 16:15,0,,,
3/10/2021 16:00,0,,,
3/10/2021 15:45,0,,,
3/10/2021 15:30,0,,,
3/10/2021 15:15,0,,,
3/10/2021 15:00,0,,,
3/10/2021 14:45,0,,,
3/10/2021 14:30,0,,,
3/10/2021 14:15,0,,,
3/10/2021 14:00,0,,,
3/10/2021 13:45,0,,,
3/10/2021 13:30,0,,,
3/10/2021 13:15,0,,,
3/10/2021 13:00,0,,,
3/10/2021 12:45,0,,,
3/10/2021 12:30,0,,,
3/10/2021 12:15,0,,,
3/10/2021 12:00,0,,,
3/10/2021 11:45,0,,,
3/10/2021 11:30,0,,,
3/10/2021 11:15,0,,,
3/10/2021 11:00,0,,,
3/10/2021 10:45,0,,,
3/10/2021 10:30,0,,,
3/10/2021 10:15,0,,,
3/10/2021 10:00,0,,,
3/10/2021 9:45,0,,,
3/10/2021 9:30,0,,,
3/10/2021 9:15,0,,,
3/10/2021 9:00,0,,,
3/10/2021 8:45,0,,,
3/10/2021 8:30,0,,,
3/10/2021 8:15,0,,,
3/10/2021 8:00,0,,,
3/10/2021 7:45,0,,,
3/10/2021 7:30,0,,,
3/10/2021 7:15,0,,,
3/10/2021 7:00,0,,,
3/10/2021 6:45,0,,,
3/10/2021 6:30,0,,,
3/10/2021 6:15,0,,,
3/10/2021 6:00,0,,,
3/10/2021 5:45,0,,,
3/10/2021 5:30,0,,,
3/10/2021 5:15,0,,,
3/10/2021 5:00,0,,,
3/10/2021 4:45,0,,,
3/10/2021 4:30,0,,,
3/10/2021 4:15,0,,,
3/10/2021 4:00,0,,,
3/10/2021 3:45,0,,,
3/10/2021 3:30,0,,,
3/10/2021 3:15,0,,,
3/10/2021 3:00,0,,,
3/10/2021 2:45,0,,,
3/10/2021 2:30,0,,,
3/10/2021 2:15,0,,,
3/10/2021 2:00,0,,,
3/10/2021 1:45,0,,,
3/10/2021 1:30,0,,,
3/10/2021 1:15,0,,,
3/10/2021 1:00,0,,,
3/10/2021 0:45,0,,,
3/10/2021 0:30,0,,,
3/10/2021 0:15,0,,,
3/10/2021 0:00,0,,,
3/9/2021 23:45,0,,,
3/9/2021 23:30,0,,,
3/9/2021 23:15,0,,,
3/9/2021 23:00,0,,,
3/9/2021 22:45,0,,,
3/9/2021 22:30,0,,,
3/9/2021 22:15,0,,,
3/9/2021 22:00,0,,,
3/9/2021 21:45,0,,,
3/9/2021 21:30,0,,,
3/9/2021 21:15,0,,,
3/9/2021 21:00,0,,,
3/9/2021 20:45,0,,,
3/9/2021 20:30,0,,,
3/9/2021 20:15,0,,,
3/9/2021 20:00,0,,,
3/9/2021 19:45,0,,,
3/9/2021 19:30,0,,,
3/9/2021 19:15,0,,,
3/9/2021 19:00,0,,,
3/9/2021 18:45,0,,,
3/9/2021 18:30,0,,,
3/9/2021 18:15,0,,,
3/9/2021 18:00,0,,,
3/9/2021 17:45,0,,,
3/9/2021 17:30,0,,,
3/9/2021 17:15,0,,,
3/9/2021 17:00,0,,,
3/9/2021 16:45,0,,,
3/9/2021 16:30,0,,,
3/9/2021 16:15,0,,,
3/9/2021 16:00,0,,,
3/9/2021 15:45,0,,,
3/9/2021 15:30,0,,,
3/9/2021 15:15,0,,,
3/9/2021 15:00,0,,,
3/9/2021 14:45,0,,,
3/9/2021 14:30,0,,,
3/9/2021 14:15,0,,,
3/9/2021 14:00,0,,,
3/9/2021 13:45,0,,,
3/9/2021 13:30,0,,,
3/9/2021 13:15,0,,,
3/9/2021 13:00,0,,,
3/9/2021 12:45,0,,,
3/9/2021 12:30,0,,,
3/9/2021 12:15,0,,,
3/9/2021 12:00,0,,,
3/9/2021 11:45,0,,,
3/9/2021 11:30,0,,,
3/9/2021 11:15,0,,,
3/9/2021 11:00,0,,,
3/9/2021 10:45,0,,,
3/9/2021 10:30,0,,,
3/9/2021 10:15,0,,,
3/9/2021 10:00,0,,,
3/9/2021 9:45,0,,,
3/9/2021 9:30,0,,,
3/9/2021 9:15,0,,,
3/9/2021 9:00,0,,,
3/9/2021 8:45,0,,,
3/9/2021 8:30,0,,,
3/9/2021 8:15,0,,,
3/9/2021 8:00,0,,,
3/9/2021 7:45,0,,,
3/9/2021 7:30,0,,,
3/9/2021 7:15,0,,,
3/9/2021 7:00,0,,,
3/9/2021 6:45,0,,,
3/9/2021 6:30,0,,,
3/9/2021 6:15,0,,,
3/9/2021 6:00,0,,,
3/9/2021 5:45,0,,,
3/9/2021 5:30,0,,,
3/9/2021 5:15,0,,,
3/9/2021 5:00,0,,,
3/9/2021 4:45,0,,,
3/9/2021 4:30,0,,,
3/9/2021 4:15,0,,,
3/9/2021 4:00,0,,,
3/9/2021 3:45,0,,,
3/9/2021 3:30,0,,,
3/9/2021 3:15,0,,,
3/9/2021 3:00,0,,,
3/9/2021 2:45,0,,,
3/9/2021 2:30,0,,,
3/9/2021 2:15,0,,,
3/9/2021 2:00,0,,,
3/9/2021 1:45,0,,,
3/9/2021 1:30,0,,,
3/9/2021 1:15,0,,,
3/9/2021 1:00,0,,,
3/9/2021 0:45,0,,,
3/9/2021 0:30,0,,,
3/9/2021 0:15,0,,,
3/9/2021 0:00,0,,,
3/8/2021 23:45,0,,,
3/8/2021 23:30,0,,,
3/8/2021 23:15,0,,,
3/8/2021 23:00,0,,,
3/8/2021 22:45,0,,,
3/8/2021 22:30,0,,,
3/8/2021 22:15,0,,,
3/8/2021 22:00,0,,,
3/8/2021 21:45,0,,,
3/8/2021 21:30,0,,,
3/8/2021 21:15,0,,,
3/8/2021 21:00,0,,,
3/8/2021 20:45,0,,,
3/8/2021 20:30,0,,,
3/8/2021 20:15,0,,,
3/8/2021 20:00,0,,,
3/8/2021 19:45,0,,,
3/8/2021 19:30,0,,,
3/8/2021 19:15,0,,,
3/8/2021 19:00,0,,,
3/8/2021 18:45,0,,,
3/8/2021 18:30,0,,,
3/8/2021 18:15,0,,,
3/8/2021 18:00,0,,,
3/8/2021 17:45,0,,,
3/8/2021 17:30,0,,,
3/8/2021 17:15,0,,,
3/8/2021 17:00,0,,,
3/8/2021 16:45,0,,,
3/8/2021 16:30,0,,,
3/8/2021 16:15,0,,,
3/8/2021 16:00,0,,,
3/8/2021 15:45,0,,,
3/8/2021 15:30,0,,,
3/8/2021 15:15,0,,,
3/8/2021 15:00,0,,,
3/8/2021 14:45,0,,,
3/8/2021 14:30,0,,,
3/8/2021 14:15,0,,,
3/8/2021 14:00,0,,,
3/8/2021 13:45,0,,,
3/8/2021 13:30,0,,,
3/8/2021 13:15,0,,,
3/8/2021 13:00,0,,,
3/8/2021 12:45,0,,,
3/8/2021 12:30,0,,,
3/8/2021 12:15,0,,,
3/8/2021 12:00,0,,,
3/8/2021 11:45,0,,,
3/8/2021 11:30,0,,,
3/8/2021 11:15,0,,,
3/8/2021 11:00,0,,,
3/8/2021 10:45,0,,,
3/8/2021 10:30,0,,,
3/8/2021 10:15,0,,,
3/8/2021 10:00,0,,,
3/8/2021 9:45,0,,,
3/8/2021 9:30,0,,,
3/8/2021 9:15,0,,,
3/8/2021 9:00,0,,,
3/8/2021 8:45,0,,,
3/8/2021 8:30,0,,,
3/8/2021 8:15,0,,,
3/8/2021 8:00,0,,,
3/8/2021 7:45,0,,,
3/8/2021 7:30,0,,,
3/8/2021 7:15,0,,,
3/8/2021 7:00,0,,,
3/8/2021 6:45,0,,,
3/8/2021 6:30,0,,,
3/8/2021 6:15,0,,,
3/8/2021 6:00,0,,,
3/8/2021 5:45,0,,,
3/8/2021 5:30,0,,,
3/8/2021 5:15,0,,,
3/8/2021 5:00,0,,,
3/8/2021 4:45,0,,,
3/8/2021 4:30,0,,,
3/8/2021 4:15,0,,,
3/8/2021 4:00,0,,,
3/8/2021 3:45,0,,,
3/8/2021 3:30,0,,,
3/8/2021 3:15,0,,,
3/8/2021 3:00,0,,,
3/8/2021 2:45,0,,,
3/8/2021 2:30,0,,,
3/8/2021 2:15,0,,,
3/8/2021 2:00,0,,,
3/8/2021 1:45,0,,,
3/8/2021 1:30,0,,,
3/8/2021 1:15,0,,,
3/8/2021 1:00,0,,,
3/8/2021 0:45,0,,,
3/8/2021 0:30,0,,,
3/8/2021 0:15,0,,,
3/8/2021 0:00,0,,,
3/7/2021 23:45,0,,,
3/7/2021 23:30,0,,,
3/7/2021 23:15,0,,,
3/7/2021 23:00,0,,,
3/7/2021 22:45,0,,,
3/7/2021 22:30,0,,,
3/7/2021 22:15,0,,,
3/7/2021 22:00,0,,,
3/7/2021 21:45,0,,,
3/7/2021 21:30,0,,,
3/7/2021 21:15,0,,,
3/7/2021 21:00,0,,,
3/7/2021 20:45,0,,,
3/7/2021 20:30,0,,,
3/7/2021 20:15,0,,,
3/7/2021 20:00,0,,,
3/7/2021 19:45,0,,,
3/7/2021 19:30,0,,,
3/7/2021 19:15,0,,,
3/7/2021 19:00,0,,,
3/7/2021 18:45,0,,,
3/7/2021 18:30,0,,,
3/7/2021 18:15,0,,,
3/7/2021 18:00,0,,,
3/7/2021 17:45,0,,,
3/7/2021 17:30,0,,,
3/7/2021 17:15,0,,,
3/7/2021 17:00,0,,,
3/7/2021 16:45,0,,,
3/7/2021 16:30,0,,,
3/7/2021 16:15,0,,,
3/7/2021 16:00,0,,,
3/7/2021 15:45,0,,,
3/7/2021 15:30,0,,,
3/7/2021 15:15,0,,,
3/7/2021 15:00,0,,,
3/7/2021 14:45,0,,,
3/7/2021 14:30,0,,,
3/7/2021 14:15,0,,,
3/7/2021 14:00,0,,,
3/7/2021 13:45,0,,,
3/7/2021 13:30,0,,,
3/7/2021 13:15,0,,,
3/7/2021 13:00,0,,,
3/7/2021 12:45,0,,,
3/7/2021 12:30,0,,,
3/7/2021 12:15,0,,,
3/7/2021 12:00,0,,,
3/7/2021 11:45,0,,,
3/7/2021 11:30,0,,,
3/7/2021 11:15,0,,,
3/7/2021 11:00,0,,,
3/7/2021 10:45,0,,,
3/7/2021 10:30,0,,,
3/7/2021 10:15,0,,,
3/7/2021 10:00,0,,,
3/7/2021 9:45,0,,,
3/7/2021 9:30,0,,,
3/7/2021 9:15,0,,,
3/7/2021 9:00,0,,,
3/7/2021 8:45,0,,,
3/7/2021 8:30,0,,,
3/7/2021 8:15,0,,,
3/7/2021 8:00,0,,,
3/7/2021 7:45,0,,,
3/7/2021 7:30,0,,,
3/7/2021 7:15,0,,,
3/7/2021 7:00,0,,,
3/7/2021 6:45,0,,,
3/7/2021 6:30,0,,,
3/7/2021 6:15,0,,,
3/7/2021 6:00,0,,,
3/7/2021 5:45,0,,,
3/7/2021 5:30,0,,,
3/7/2021 5:15,0,,,
3/7/2021 5:00,0,,,
3/7/2021 4:45,0,,,
3/7/2021 4:30,0,,,
3/7/2021 4:15,0,,,
3/7/2021 4:00,0,,,
3/7/2021 3:45,0,,,
3/7/2021 3:30,0,,,
3/7/2021 3:15,0,,,
3/7/2021 3:00,0,,,
3/7/2021 2:45,0,,,
3/7/2021 2:30,0,,,
3/7/2021 2:15,0,,,
3/7/2021 2:00,0,,,
3/7/2021 1:45,0,,,
3/7/2021 1:30,0,,,
3/7/2021 1:15,0,,,
3/7/2021 1:00,0,,,
3/7/2021 0:45,0,,,
3/7/2021 0:30,0,,,
3/7/2021 0:15,0,,,
3/7/2021 0:00,0,,,
3/6/2021 23:45,0,,,
3/6/2021 23:30,0,,,
3/6/2021 23:15,0,,,
3/6/2021 23:00,0,,,
3/6/2021 22:45,0,,,
3/6/2021 22:30,0,,,
3/6/2021 22:15,0,,,
3/6/2021 22:00,0,,,
3/6/2021 21:45,0,,,
3/6/2021 21:30,0,,,
3/6/2021 21:15,0,,,
3/6/2021 21:00,0,,,
3/6/2021 20:45,0,,,
3/6/2021 20:30,0,,,
3/6/2021 20:15,0,,,
3/6/2021 20:00,0,,,
3/6/2021 19:45,0,,,
3/6/2021 19:30,0,,,
3/6/2021 19:15,0,,,
3/6/2021 19:00,0,,,
3/6/2021 18:45,0,,,
3/6/2021 18:30,0,,,
3/6/2021 18:15,0,,,
3/6/2021 18:00,0,,,
3/6/2021 17:45,0,,,
3/6/2021 17:30,0,,,
3/6/2021 17:15,0,,,
3/6/2021 17:00,0,,,
3/6/2021 16:45,0,,,
3/6/2021 16:30,0,,,
3/6/2021 16:15,0,,,
3/6/2021 16:00,0,,,
3/6/2021 15:45,0,,,
3/6/2021 15:30,0,,,
3/6/2021 15:15,0,,,
3/6/2021 15:00,0,,,
3/6/2021 14:45,0,,,
3/6/2021 14:30,0,,,
3/6/2021 14:15,0,,,
3/6/2021 14:00,0,,,
3/6/2021 13:45,0,,,
3/6/2021 13:30,0,,,
3/6/2021 13:15,0,,,
3/6/2021 13:00,0,,,
3/6/2021 12:45,0,,,
3/6/2021 12:30,0,,,
3/6/2021 12:15,0,,,
3/6/2021 12:00,0,,,
3/6/2021 11:45,0,,,
3/6/2021 11:30,0,,,
3/6/2021 11:15,0,,,
3/6/2021 11:00,0,,,
3/6/2021 10:45,0,,,
3/6/2021 10:30,0,,,
3/6/2021 10:15,0,,,
3/6/2021 10:00,0,,,
3/6/2021 9:45,0,,,
3/6/2021 9:30,0,,,
3/6/2021 9:15,0,,,
3/6/2021 9:00,0,,,
3/6/2021 8:45,0,,,
3/6/2021 8:30,0,,,
3/6/2021 8:15,0,,,
3/6/2021 8:00,0,,,
3/6/2021 7:45,0,,,
3/6/2021 7:30,0,,,
3/6/2021 7:15,0,,,
3/6/2021 7:00,0,,,
3/6/2021 6:45,0,,,
3/6/2021 6:30,0,,,
3/6/2021 6:15,0,,,
3/6/2021 6:00,0,,,
3/6/2021 5:45,0,,,
3/6/2021 5:30,0,,,
3/6/2021 5:15,0,,,
3/6/2021 5:00,0,,,
3/6/2021 4:45,0,,,
3/6/2021 4:30,0,,,
3/6/2021 4:15,0,,,
3/6/2021 4:00,0,,,
3/6/2021 3:45,0,,,
3/6/2021 3:30,0,,,
3/6/2021 3:15,0,,,
3/6/2021 3:00,0,,,
3/6/2021 2:45,0,,,
3/6/2021 2:30,0,,,
3/6/2021 2:15,0,,,
3/6/2021 2:00,0,,,
3/6/2021 1:45,0,,,
3/6/2021 1:30,0,,,
3/6/2021 1:15,0,,,
3/6/2021 1:00,0,,,
3/6/2021 0:45,0,,,
3/6/2021 0:30,0,,,
3/6/2021 0:15,0,,,
3/6/2021 0:00,0,,,
3/5/2021 23:45,0,,,
3/5/2021 23:30,0,,,
3/5/2021 23:15,0,,,
3/5/2021 23:00,0,,,
3/5/2021 22:45,0,,,
3/5/2021 22:30,0,,,
3/5/2021 22:15,0,,,
3/5/2021 22:00,0,,,
3/5/2021 21:45,0,,,
3/5/2021 21:30,0,,,
3/5/2021 21:15,0,,,
3/5/2021 21:00,0,,,
3/5/2021 20:45,0,,,
3/5/2021 20:30,0,,,
3/5/2021 20:15,0,,,
3/5/2021 20:00,0,,,
3/5/2021 19:45,0,,,
3/5/2021 19:30,0,,,
3/5/2021 19:15,0,,,
3/5/2021 19:00,0,,,
3/5/2021 18:45,0,,,
3/5/2021 18:30,0,,,
3/5/2021 18:15,0,,,
3/5/2021 18:00,0,,,
3/5/2021 17:45,0,,,
3/5/2021 17:30,0,,,
3/5/2021 17:15,0,,,
3/5/2021 17:00,0,,,
3/5/2021 16:45,0,,,
3/5/2021 16:30,0,,,
3/5/2021 16:15,0,,,
3/5/2021 16:00,0,,,
3/5/2021 15:45,0,,,
3/5/2021 15:30,0,,,
3/5/2021 15:15,0,,,
3/5/2021 15:00,0,,,
3/5/2021 14:45,0,,,
3/5/2021 14:30,0,,,
3/5/2021 14:15,0,,,
3/5/2021 14:00,0,,,
3/5/2021 13:45,0,,,
3/5/2021 13:30,0,,,
3/5/2021 13:15,0,,,
3/5/2021 13:00,0,,,
3/5/2021 12:45,0,,,
3/5/2021 12:30,0,,,
3/5/2021 12:15,0,,,
3/5/2021 12:00,0,,,
3/5/2021 11:45,0,,,
3/5/2021 11:30,0,,,
3/5/2021 11:15,0,,,
3/5/2021 11:00,0,,,
3/5/2021 10:45,0,,,
3/5/2021 10:30,0,,,
3/5/2021 10:15,0,,,
3/5/2021 10:00,0,,,
3/5/2021 9:45,0,,,
3/5/2021 9:30,0,,,
3/5/2021 9:15,0,,,
3/5/2021 9:00,0,,,
3/5/2021 8:45,0,,,
3/5/2021 8:30,0,,,
3/5/2021 8:15,0,,,
3/5/2021 8:00,0,,,
3/5/2021 7:45,0,,,
3/5/2021 7:30,0,,,
3/5/2021 7:15,0,,,
3/5/2021 7:00,0,,,
3/5/2021 6:45,0,,,
3/5/2021 6:30,0,,,
3/5/2021 6:15,0,,,
3/5/2021 6:00,0,,,
3/5/2021 5:45,0,,,
3/5/2021 5:30,0,,,
3/5/2021 5:15,0,,,
3/5/2021 5:00,0,,,
3/5/2021 4:45,0,,,
3/5/2021 4:30,0,,,
3/5/2021 4:15,0,,,
3/5/2021 4:00,0,,,
3/5/2021 3:45,0,,,
3/5/2021 3:30,0,,,
3/5/2021 3:15,0,,,
3/5/2021 3:00,0,,,
3/5/2021 2:45,0,,,
3/5/2021 2:30,0,,,
3/5/2021 2:15,0,,,
3/5/2021 2:00,0,,,
3/5/2021 1:45,0,,,
3/5/2021 1:30,0,,,
3/5/2021 1:15,0,,,
3/5/2021 1:00,0,,,
3/5/2021 0:45,0,,,
3/5/2021 0:30,0,,,
3/5/2021 0:15,0,,,
3/5/2021 0:00,0,,,
3/4/2021 23:45,0,,,
3/4/2021 23:30,0,,,
3/4/2021 23:15,0,,,
3/4/2021 23:00,0,,,
3/4/2021 22:45,0,,,
3/4/2021 22:30,0,,,
3/4/2021 22:15,0,,,
3/4/2021 22:00,0,,,
3/4/2021 21:45,0,,,
3/4/2021 21:30,0,,,
3/4/2021 21:15,0,,,
3/4/2021 21:00,0,,,
3/4/2021 20:45,0,,,
3/4/2021 20:30,0,,,
3/4/2021 20:15,0,,,
3/4/2021 20:00,0,,,
3/4/2021 19:45,0,,,
3/4/2021 19:30,0,,,
3/4/2021 19:15,0,,,
3/4/2021 19:00,0,,,
3/4/2021 18:45,0,,,
3/4/2021 18:30,0,,,
3/4/2021 18:15,0,,,
3/4/2021 18:00,0,,,
3/4/2021 17:45,0,,,
3/4/2021 17:30,0,,,
3/4/2021 17:15,0,,,
3/4/2021 17:00,0,,,
3/4/2021 16:45,0,,,
3/4/2021 16:30,0,,,
3/4/2021 16:15,0,,,
3/4/2021 16:00,0,,,
3/4/2021 15:45,0,,,
3/4/2021 15:30,0,,,
3/4/2021 15:15,0,,,
3/4/2021 15:00,0,,,
3/4/2021 14:45,0,,,
3/4/2021 14:30,0,,,
3/4/2021 14:15,0,,,
3/4/2021 14:00,0,,,
3/4/2021 13:45,0,,,
3/4/2021 13:30,0,,,
3/4/2021 13:15,0,,,
3/4/2021 13:00,0,,,
3/4/2021 12:45,0,,,
3/4/2021 12:30,0,,,
3/4/2021 12:15,0,,,
3/4/2021 12:00,0,,,
3/4/2021 11:45,0,,,
3/4/2021 11:30,0,,,
3/4/2021 11:15,0,,,
3/4/2021 11:00,0,,,
3/4/2021 10:45,0,,,
3/4/2021 10:30,0,,,
3/4/2021 10:15,0,,,
3/4/2021 10:00,0,,,
3/4/2021 9:45,0,,,
3/4/2021 9:30,0,,,
3/4/2021 9:15,0,,,
3/4/2021 9:00,0,,,
3/4/2021 8:45,0,,,
3/4/2021 8:30,0,,,
3/4/2021 8:15,0,,,
3/4/2021 8:00,0,,,
3/4/2021 7:45,0,,,
3/4/2021 7:30,0,,,
3/4/2021 7:15,0,,,
3/4/2021 7:00,0,,,
3/4/2021 6:45,0,,,
3/4/2021 6:30,0,,,
3/4/2021 6:15,0,,,
3/4/2021 6:00,0,,,
3/4/2021 5:45,0,,,
3/4/2021 5:30,0,,,
3/4/2021 5:15,0,,,
3/4/2021 5:00,0,,,
3/4/2021 4:45,0,,,
3/4/2021 4:30,0,,,
3/4/2021 4:15,0,,,
3/4/2021 4:00,0,,,
3/4/2021 3:45,0,,,
3/4/2021 3:30,0,,,
3/4/2021 3:15,0,,,
3/4/2021 3:00,0,,,
3/4/2021 2:45,0,,,
3/4/2021 2:30,0,,,
3/4/2021 2:15,0,,,
3/4/2021 2:00,0,,,
3/4/2021 1:45,0,,,
3/4/2021 1:30,0,,,
3/4/2021 1:15,0,,,
3/4/2021 1:00,0,,,
3/4/2021 0:45,0,,,
3/4/2021 0:30,0,,,
3/4/2021 0:15,0,,,
3/4/2021 0:00,0,,,
3/3/2021 23:45,0,,,
3/3/2021 23:30,0,,,
3/3/2021 23:15,0,,,
3/3/2021 23:00,0,,,
3/3/2021 22:45,0,,,
3/3/2021 22:30,0,,,
3/3/2021 22:15,0,,,
3/3/2021 22:00,0,,,
3/3/2021 21:45,0,,,
3/3/2021 21:30,0,,,
3/3/2021 21:15,0,,,
3/3/2021 21:00,0,,,
3/3/2021 20:45,0,,,
3/3/2021 20:30,0,,,
3/3/2021 20:15,0,,,
3/3/2021 20:00,0,,,
3/3/2021 19:45,0,,,
3/3/2021 19:30,0,,,
3/3/2021 19:15,0,,,
3/3/2021 19:00,0,,,
3/3/2021 18:45,0,,,
3/3/2021 18:30,0,,,
3/3/2021 18:15,0,,,
3/3/2021 18:00,0,,,
3/3/2021 17:45,0,,,
3/3/2021 17:30,0,,,
3/3/2021 17:15,0,,,
3/3/2021 17:00,0,,,
3/3/2021 16:45,0,,,
3/3/2021 16:30,0,,,
3/3/2021 16:15,0,,,
3/3/2021 16:00,0,,,
3/3/2021 15:45,0,,,
3/3/2021 15:30,0,,,
3/3/2021 15:15,0,,,
3/3/2021 15:00,0,,,
3/3/2021 14:45,0,,,
3/3/2021 14:30,0,,,
3/3/2021 14:15,0,,,
3/3/2021 14:00,0,,,
3/3/2021 13:45,0,,,
3/3/2021 13:30,0,,,
3/3/2021 13:15,0,,,
3/3/2021 13:00,0,,,
3/3/2021 12:45,0,,,
3/3/2021 12:30,0,,,
3/3/2021 12:15,0,,,
3/3/2021 12:00,0,,,
3/3/2021 11:45,0,,,
3/3/2021 11:30,0,,,
3/3/2021 11:15,0,,,
3/3/2021 11:00,0,,,
3/3/2021 10:45,0,,,
3/3/2021 10:30,0,,,
3/3/2021 10:15,0,,,
3/3/2021 10:00,0,,,
3/3/2021 9:45,0,,,
3/3/2021 9:30,0,,,
3/3/2021 9:15,0,,,
3/3/2021 9:00,0,,,
3/3/2021 8:45,0,,,
3/3/2021 8:30,0,,,
3/3/2021 8:15,0,,,
3/3/2021 8:00,0,,,
3/3/2021 7:45,0,,,
3/3/2021 7:30,0,,,
3/3/2021 7:15,0,,,
3/3/2021 7:00,0,,,
3/3/2021 6:45,0,,,
3/3/2021 6:30,0,,,
3/3/2021 6:15,0,,,
3/3/2021 6:00,0,,,
3/3/2021 5:45,0,,,
3/3/2021 5:30,0,,,
3/3/2021 5:15,0,,,
3/3/2021 5:00,0,,,
3/3/2021 4:45,0,,,
3/3/2021 4:30,0,,,
3/3/2021 4:15,0,,,
3/3/2021 4:00,0,,,
3/3/2021 3:45,0,,,
3/3/2021 3:30,0,,,
3/3/2021 3:15,0,,,
3/3/2021 3:00,0,,,
3/3/2021 2:45,0,,,
3/3/2021 2:30,0,,,
3/3/2021 2:15,0,,,
3/3/2021 2:00,0,,,
3/3/2021 1:45,0,,,
3/3/2021 1:30,0,,,
3/3/2021 1:15,0,,,
3/3/2021 1:00,0,,,
3/3/2021 0:45,0,,,
3/3/2021 0:30,0,,,
3/3/2021 0:15,0,,,
3/3/2021 0:00,0,,,
3/2/2021 23:45,0,,,
3/2/2021 23:30,0,,,
3/2/2021 23:15,0,,,
3/2/2021 23:00,0,,,
3/2/2021 22:45,0,,,
3/2/2021 22:30,0,,,
3/2/2021 22:15,0,,,
3/2/2021 22:00,0,,,
3/2/2021 21:45,0,,,
3/2/2021 21:30,0,,,
3/2/2021 21:15,0,,,
3/2/2021 21:00,0,,,
3/2/2021 20:45,0,,,
3/2/2021 20:30,0,,,
3/2/2021 20:15,0,,,
3/2/2021 20:00,0,,,
3/2/2021 19:45,0,,,
3/2/2021 19:30,0,,,
3/2/2021 19:15,0,,,
3/2/2021 19:00,0,,,
3/2/2021 18:45,0,,,
3/2/2021 18:30,0,,,
3/2/2021 18:15,0,,,
3/2/2021 18:00,0,,,
3/2/2021 17:45,0,,,
3/2/2021 17:30,0,,,
3/2/2021 17:15,0,,,
3/2/2021 17:00,0,,,
3/2/2021 16:45,0,,,
3/2/2021 16:30,0,,,
3/2/2021 16:15,0,,,
3/2/2021 16:00,0,,,
3/2/2021 15:45,0,,,
3/2/2021 15:30,0,,,
3/2/2021 15:15,0,,,
3/2/2021 15:00,0,,,
3/2/2021 14:45,0,,,
3/2/2021 14:30,0,,,
3/2/2021 14:15,0,,,
3/2/2021 14:00,0,,,
3/2/2021 13:45,0,,,
3/2/2021 13:30,0,,,
3/2/2021 13:15,0,,,
3/2/2021 13:00,0,,,
3/2/2021 12:45,0,,,
3/2/2021 12:30,0,,,
3/2/2021 12:15,0,,,
3/2/2021 12:00,0,,,
3/2/2021 11:45,0,,,
3/2/2021 11:30,0,,,
3/2/2021 11:15,0,,,
3/2/2021 11:00,0,,,
3/2/2021 10:45,0,,,
3/2/2021 10:30,0,,,
3/2/2021 10:15,0,,,
3/2/2021 10:00,0,,,
3/2/2021 9:45,0,,,
3/2/2021 9:30,0,,,
3/2/2021 9:15,0,,,
3/2/2021 9:00,0,,,
3/2/2021 8:45,0,,,
3/2/2021 8:30,0,,,
3/2/2021 8:15,0,,,
3/2/2021 8:00,0,,,
3/2/2021 7:45,0,,,
3/2/2021 7:30,0,,,
3/2/2021 7:15,0,,,
3/2/2021 7:00,0,,,
3/2/2021 6:45,0,,,
3/2/2021 6:30,0,,,
3/2/2021 6:15,0,,,
3/2/2021 6:00,0,,,
3/2/2021 5:45,0,,,
3/2/2021 5:30,0,,,
3/2/2021 5:15,0,,,
3/2/2021 5:00,0,,,
3/2/2021 4:45,0,,,
3/2/2021 4:30,0,,,
3/2/2021 4:15,0,,,
3/2/2021 4:00,0,,,
3/2/2021 3:45,0,,,
3/2/2021 3:30,0,,,
3/2/2021 3:15,0,,,
3/2/2021 3:00,0,,,
3/2/2021 2:45,0,,,
3/2/2021 2:30,0,,,
3/2/2021 2:15,0,,,
3/2/2021 2:00,0,,,
3/2/2021 1:45,0,,,
3/2/2021 1:30,0,,,
3/2/2021 1:15,0,,,
3/2/2021 1:00,0,,,
3/2/2021 0:45,0,,,
3/2/2021 0:30,0,,,
3/2/2021 0:15,0,,,
3/2/2021 0:00,0,,,
3/1/2021 23:45,0,,,
3/1/2021 23:30,0,,,
3/1/2021 23:15,0,,,
3/1/2021 23:00,0,,,
3/1/2021 22:45,0,,,
3/1/2021 22:30,0,,,
3/1/2021 22:15,0,,,
3/1/2021 22:00,0,,,
3/1/2021 21:45,0,,,
3/1/2021 21:30,0,,,
3/1/2021 21:15,0,,,
3/1/2021 21:00,0,,,
3/1/2021 20:45,0,,,
3/1/2021 20:30,0,,,
3/1/2021 20:15,0,,,
3/1/2021 20:00,0,,,
3/1/2021 19:45,0,,,
3/1/2021 19:30,0,,,
3/1/2021 19:15,0,,,
3/1/2021 19:00,0,,,
3/1/2021 18:45,0,,,
3/1/2021 18:30,0,,,
3/1/2021 18:15,0,,,
3/1/2021 18:00,0,,,
3/1/2021 17:45,0,,,
3/1/2021 17:30,0,,,
3/1/2021 17:15,0,,,
3/1/2021 17:00,0,,,
3/1/2021 16:45,0,,,
3/1/2021 16:30,0,,,
3/1/2021 16:15,0,,,
3/1/2021 16:00,0,,,
3/1/2021 15:45,0,,,
3/1/2021 15:30,0,,,
3/1/2021 15:15,0,,,
3/1/2021 15:00,0,,,
3/1/2021 14:45,0,,,
3/1/2021 14:30,0,,,
3/1/2021 14:15,0,,,
3/1/2021 14:00,0,,,
3/1/2021 13:45,0,,,
3/1/2021 13:30,0,,,
3/1/2021 13:15,0,,,
3/1/2021 13:00,0,,,
3/1/2021 12:45,0,,,
3/1/2021 12:30,0,,,
3/1/2021 12:15,0,,,
3/1/2021 12:00,0,,,
3/1/2021 11:45,0,,,
3/1/2021 11:30,0,,,
3/1/2021 11:15,0,,,
3/1/2021 11:00,0,,,
3/1/2021 10:45,0,,,
3/1/2021 10:30,0,,,
3/1/2021 10:15,0,,,
3/1/2021 10:00,0,,,
3/1/2021 9:45,0,,,
3/1/2021 9:30,0,,,
3/1/2021 9:15,0,,,
3/1/2021 9:00,0,,,
3/1/2021 8:45,0,,,
3/1/2021 8:30,0,,,
3/1/2021 8:15,0,,,
3/1/2021 8:00,0,,,
3/1/2021 7:45,0,,,
3/1/2021 7:30,0,,,
3/1/2021 7:15,0,,,
3/1/2021 7:00,0,,,
3/1/2021 6:45,0,,,
3/1/2021 6:30,0,,,
3/1/2021 6:15,0,,,
3/1/2021 6:00,0,,,
3/1/2021 5:45,0,,,
3/1/2021 5:30,0,,,
3/1/2021 5:15,0,,,
3/1/2021 5:00,0,,,
3/1/2021 4:45,0,,,
3/1/2021 4:30,0,,,
3/1/2021 4:15,0,,,
3/1/2021 4:00,0,,,
3/1/2021 3:45,0,,,
3/1/2021 3:30,0,,,
3/1/2021 3:15,0,,,
3/1/2021 3:00,0,,,
3/1/2021 2:45,0,,,
3/1/2021 2:30,0,,,
3/1/2021 2:15,0,,,
3/1/2021 2:00,0,,,
3/1/2021 1:45,0,,,
3/1/2021 1:30,0,,,
3/1/2021 1:15,0,,,
3/1/2021 1:00,0,,,
3/1/2021 0:45,0,,,
3/1/2021 0:30,0,,,
3/1/2021 0:15,0,,,
3/1/2021 0:00,0,,,
2/28/2021 23:45,0,,,
2/28/2021 23:30,0,,,
2/28/2021 23:15,0,,,
2/28/2021 23:00,0,,,
2/28/2021 22:45,0,,,
2/28/2021 22:30,0,,,
2/28/2021 22:15,0,,,
2/28/2021 22:00,0,,,
2/28/2021 21:45,0,,,
2/28/2021 21:30,0,,,
2/28/2021 21:15,0,,,
2/28/2021 21:00,0,,,
2/28/2021 20:45,0,,,
2/28/2021 20:30,0,,,
2/28/2021 20:15,0,,,
2/28/2021 20:00,0,,,
2/28/2021 19:45,0,,,
2/28/2021 19:30,0,,,
2/28/2021 19:15,0,,,
2/28/2021 19:00,0,,,
2/28/2021 18:45,0,,,
2/28/2021 18:30,0,,,
2/28/2021 18:15,0,,,
2/28/2021 18:00,0,,,
2/28/2021 17:45,0,,,
2/28/2021 17:30,0,,,
2/28/2021 17:15,0,,,
2/28/2021 17:00,0,,,
2/28/2021 16:45,0,,,
2/28/2021 16:30,0,,,
2/28/2021 16:15,0,,,
2/28/2021 16:00,0,,,
2/28/2021 15:45,0,,,
2/28/2021 15:30,0,,,
2/28/2021 15:15,0,,,
2/28/2021 15:00,0,,,
2/28/2021 14:45,0,,,
2/28/2021 14:30,0,,,
2/28/2021 14:15,0,,,
2/28/2021 14:00,0,,,
2/28/2021 13:45,0,,,
2/28/2021 13:30,0,,,
2/28/2021 13:15,0,,,
2/28/2021 13:00,0,,,
2/28/2021 12:45,0,,,
2/28/2021 12:30,0,,,
2/28/2021 12:15,0,,,
2/28/2021 12:00,0,,,
2/28/2021 11:45,0,,,
2/28/2021 11:30,0,,,
2/28/2021 11:15,0,,,
2/28/2021 11:00,0,,,
2/28/2021 10:45,0,,,
2/28/2021 10:30,0,,,
2/28/2021 10:15,0,,,
2/28/2021 10:00,0,,,
2/28/2021 9:45,0,,,
2/28/2021 9:30,0,,,
2/28/2021 9:15,0,,,
2/28/2021 9:00,0,,,
2/28/2021 8:45,0,,,
2/28/2021 8:30,0,,,
2/28/2021 8:15,0,,,
2/28/2021 8:00,0,,,
2/28/2021 7:45,0,,,
2/28/2021 7:30,0,,,
2/28/2021 7:15,0,,,
2/28/2021 7:00,0,,,
2/28/2021 6:45,0,,,
2/28/2021 6:30,0,,,
2/28/2021 6:15,0,,,
2/28/2021 6:00,0,,,
2/28/2021 5:45,0,,,
2/28/2021 5:30,0,,,
2/28/2021 5:15,0,,,
2/28/2021 5:00,0,,,
2/28/2021 4:45,0,,,
2/28/2021 4:30,0,,,
2/28/2021 4:15,0,,,
2/28/2021 4:00,0,,,
2/28/2021 3:45,0,,,
2/28/2021 3:30,0,,,
2/28/2021 3:15,0,,,
2/28/2021 3:00,0,,,
2/28/2021 2:45,0,,,
2/28/2021 2:30,0,,,
2/28/2021 2:15,0,,,
2/28/2021 2:00,0,,,
2/28/2021 1:45,0,,,
2/28/2021 1:30,0,,,
2/28/2021 1:15,0,,,
2/28/2021 1:00,0,,,
2/28/2021 0:45,0,,,
2/28/2021 0:30,0,,,
2/28/2021 0:15,0,,,
2/28/2021 0:00,0,,,
2/27/2021 23:45,0,,,
2/27/2021 23:30,0,,,
2/27/2021 23:15,0,,,
2/27/2021 23:00,0,,,
2/27/2021 22:45,0,,,
2/27/2021 22:30,0,,,
2/27/2021 22:15,0,,,
2/27/2021 22:00,0,,,
2/27/2021 21:45,0,,,
2/27/2021 21:30,0,,,
2/27/2021 21:15,0,,,
2/27/2021 21:00,0,,,
2/27/2021 20:45,0,,,
2/27/2021 20:30,0,,,
2/27/2021 20:15,0,,,
2/27/2021 20:00,0,,,
2/27/2021 19:45,0,,,
2/27/2021 19:30,0,,,
2/27/2021 19:15,0,,,
2/27/2021 19:00,0,,,
2/27/2021 18:45,0,,,
2/27/2021 18:30,0,,,
2/27/2021 18:15,0,,,
2/27/2021 18:00,0,,,
2/27/2021 17:45,0,,,
2/27/2021 17:30,0,,,
2/27/2021 17:15,0,,,
2/27/2021 17:00,0,,,
2/27/2021 16:45,0,,,
2/27/2021 16:30,0,,,
2/27/2021 16:15,0,,,
2/27/2021 16:00,0,,,
2/27/2021 15:45,0,,,
2/27/2021 15:30,0,,,
2/27/2021 15:15,0,,,
2/27/2021 15:00,0,,,
2/27/2021 14:45,0,,,
2/27/2021 14:30,0,,,
2/27/2021 14:15,0,,,
2/27/2021 14:00,0,,,
2/27/2021 13:45,0,,,
2/27/2021 13:30,0,,,
2/27/2021 13:15,0,,,
2/27/2021 13:00,0,,,
2/27/2021 12:45,0,,,
2/27/2021 12:30,0,,,
2/27/2021 12:15,0,,,
2/27/2021 12:00,0,,,
2/27/2021 11:45,0,,,
2/27/2021 11:30,0,,,
2/27/2021 11:15,0,,,
2/27/2021 11:00,0,,,
2/27/2021 10:45,0,,,
2/27/2021 10:30,0,,,
2/27/2021 10:15,0,,,
2/27/2021 10:00,0,,,
2/27/2021 9:45,0,,,
2/27/2021 9:30,0,,,
2/27/2021 9:15,0,,,
2/27/2021 9:00,0,,,
2/27/2021 8:45,0,,,
2/27/2021 8:30,0,,,
2/27/2021 8:15,0,,,
2/27/2021 8:00,0,,,
2/27/2021 7:45,0,,,
2/27/2021 7:30,0,,,
2/27/2021 7:15,0,,,
2/27/2021 7:00,0,,,
2/27/2021 6:45,0,,,
2/27/2021 6:30,0,,,
2/27/2021 6:15,0,,,
2/27/2021 6:00,0,,,
2/27/2021 5:45,0,,,
2/27/2021 5:30,0,,,
2/27/2021 5:15,0,,,
2/27/2021 5:00,0,,,
2/27/2021 4:45,0,,,
2/27/2021 4:30,0,,,
2/27/2021 4:15,0,,,
2/27/2021 4:00,0,,,
2/27/2021 3:45,0,,,
2/27/2021 3:30,0,,,
2/27/2021 3:15,0,,,
2/27/2021 3:00,0,,,
2/27/2021 2:45,0,,,
2/27/2021 2:30,0,,,
2/27/2021 2:15,0,,,
2/27/2021 2:00,0,,,
2/27/2021 1:45,0,,,
2/27/2021 1:30,0,,,
2/27/2021 1:15,0,,,
2/27/2021 1:00,0,,,
2/27/2021 0:45,0,,,
2/27/2021 0:30,0,,,
2/27/2021 0:15,0,,,
2/27/2021 0:00,0,,,
2/26/2021 23:45,0,,,
2/26/2021 23:30,0,,,
2/26/2021 23:15,0,,,
2/26/2021 23:00,0,,,
2/26/2021 22:45,0,,,
2/26/2021 22:30,0,,,
2/26/2021 22:15,0,,,
2/26/2021 22:00,0,,,
2/26/2021 21:45,0,,,
2/26/2021 21:30,0,,,
2/26/2021 21:15,0,,,
2/26/2021 21:00,0,,,
2/26/2021 20:45,0,,,
2/26/2021 20:30,0,,,
2/26/2021 20:15,0,,,
2/26/2021 20:00,0,,,
2/26/2021 19:45,0,,,
2/26/2021 19:30,0,,,
2/26/2021 19:15,0,,,
2/26/2021 19:00,0,,,
2/26/2021 18:45,0,,,
2/26/2021 18:30,0,,,
2/26/2021 18:15,0,,,
2/26/2021 18:00,0,,,
2/26/2021 17:45,0,,,
2/26/2021 17:30,0,,,
2/26/2021 17:15,0,,,
2/26/2021 17:00,0,,,
2/26/2021 16:45,0,,,
2/26/2021 16:30,0,,,
2/26/2021 16:15,0,,,
2/26/2021 16:00,0,,,
2/26/2021 15:45,0,,,
2/26/2021 15:30,0,,,
2/26/2021 15:15,0,,,
2/26/2021 15:00,0,,,
2/26/2021 14:45,0,,,
2/26/2021 14:30,0,,,
2/26/2021 14:15,0,,,
2/26/2021 14:00,0,,,
2/26/2021 13:45,0,,,
2/26/2021 13:30,0,,,
2/26/2021 13:15,0,,,
2/26/2021 13:00,0,,,
2/26/2021 12:45,0,,,
2/26/2021 12:30,0,,,
2/26/2021 12:15,0,,,
2/26/2021 12:00,0,,,
2/26/2021 11:45,0,,,
2/26/2021 11:30,0,,,
2/26/2021 11:15,0,,,
2/26/2021 11:00,0,,,
2/26/2021 10:45,0,,,
2/26/2021 10:30,0,,,
2/26/2021 10:15,0,,,
2/26/2021 10:00,0,,,
2/26/2021 9:45,0,,,
2/26/2021 9:30,0,,,
2/26/2021 9:15,0,,,
2/26/2021 9:00,0,,,
2/26/2021 8:45,0,,,
2/26/2021 8:30,0,,,
2/26/2021 8:15,0,,,
2/26/2021 8:00,0,,,
2/26/2021 7:45,0,,,
2/26/2021 7:30,0,,,
2/26/2021 7:15,0,,,
2/26/2021 7:00,0,,,
2/26/2021 6:45,0,,,
2/26/2021 6:30,0,,,
2/26/2021 6:15,0,,,
2/26/2021 6:00,0,,,
2/26/2021 5:45,0,,,
2/26/2021 5:30,0,,,
2/26/2021 5:15,0,,,
2/26/2021 5:00,0,,,
2/26/2021 4:45,0,,,
2/26/2021 4:30,0,,,
2/26/2021 4:15,0,,,
2/26/2021 4:00,0,,,
2/26/2021 3:45,0,,,
2/26/2021 3:30,0,,,
2/26/2021 3:15,0,,,
2/26/2021 3:00,0,,,
2/26/2021 2:45,0,,,
2/26/2021 2:30,0,,,
2/26/2021 2:15,0,,,
2/26/2021 2:00,0,,,
2/26/2021 1:45,0,,,
2/26/2021 1:30,0,,,
2/26/2021 1:15,0,,,
2/26/2021 1:00,0,,,
2/26/2021 0:45,0,,,
2/26/2021 0:30,0,,,
2/26/2021 0:15,0,,,
2/26/2021 0:00,0,,,
2/25/2021 23:45,0,,,
2/25/2021 23:30,0,,,
2/25/2021 23:15,0,,,
2/25/2021 23:00,0,,,
2/25/2021 22:45,0,,,
2/25/2021 22:30,0,,,
2/25/2021 22:15,0,,,
2/25/2021 22:00,0,,,
2/25/2021 21:45,0,,,
2/25/2021 21:30,0,,,
2/25/2021 21:15,0,,,
2/25/2021 21:00,0,,,
2/25/2021 20:45,0,,,
2/25/2021 20:30,0,,,
2/25/2021 20:15,0,,,
2/25/2021 20:00,0,,,
2/25/2021 19:45,0,,,
2/25/2021 19:30,0,,,
2/25/2021 19:15,0,,,
2/25/2021 19:00,0,,,
2/25/2021 18:45,0,,,
2/25/2021 18:30,0,,,
2/25/2021 18:15,0,,,
2/25/2021 18:00,0,,,
2/25/2021 17:45,0,,,
2/25/2021 17:30,0,,,
2/25/2021 17:15,0,,,
2/25/2021 17:00,0,,,
2/25/2021 16:45,0,,,
2/25/2021 16:30,0,,,
2/25/2021 16:15,0,,,
2/25/2021 16:00,0,,,
2/25/2021 15:45,0,,,
2/25/2021 15:30,0,,,
2/25/2021 15:15,0,,,
2/25/2021 15:00,0,,,
2/25/2021 14:45,0,,,
2/25/2021 14:30,0,,,
2/25/2021 14:15,0,,,
2/25/2021 14:00,0,,,
2/25/2021 13:45,0,,,
2/25/2021 13:30,0,,,
2/25/2021 13:15,0,,,
2/25/2021 13:00,0,,,
2/25/2021 12:45,0,,,
2/25/2021 12:30,0,,,
2/25/2021 12:15,0,,,
2/25/2021 12:00,0,,,
2/25/2021 11:45,0,,,
2/25/2021 11:30,0,,,
2/25/2021 11:15,0,,,
2/25/2021 11:00,0,,,
2/25/2021 10:45,0,,,
2/25/2021 10:30,0,,,
2/25/2021 10:15,0,,,
2/25/2021 10:00,0,,,
2/25/2021 9:45,0,,,
2/25/2021 9:30,0,,,
2/25/2021 9:15,0,,,
2/25/2021 9:00,0,,,
2/25/2021 8:45,0,,,
2/25/2021 8:30,0,,,
2/25/2021 8:15,0,,,
2/25/2021 8:00,0,,,
2/25/2021 7:45,0,,,
2/25/2021 7:30,0,,,
2/25/2021 7:15,0,,,
2/25/2021 7:00,0,,,
2/25/2021 6:45,0,,,
2/25/2021 6:30,0,,,
2/25/2021 6:15,0,,,
2/25/2021 6:00,0,,,
2/25/2021 5:45,0,,,
2/25/2021 5:30,0,,,
2/25/2021 5:15,0,,,
2/25/2021 5:00,0,,,
2/25/2021 4:45,0,,,
2/25/2021 4:30,0,,,
2/25/2021 4:15,0,,,
2/25/2021 4:00,0,,,
2/25/2021 3:45,0,,,
2/25/2021 3:30,0,,,
2/25/2021 3:15,0,,,
2/25/2021 3:00,0,,,
2/25/2021 2:45,0,,,
2/25/2021 2:30,0,,,
2/25/2021 2:15,0,,,
2/25/2021 2:00,0,,,
2/25/2021 1:45,0,,,
2/25/2021 1:30,0,,,
2/25/2021 1:15,0,,,
2/25/2021 1:00,0,,,
2/25/2021 0:45,0,,,
2/25/2021 0:30,0,,,
2/25/2021 0:15,0,,,
2/25/2021 0:00,0,,,
2/24/2021 23:45,0,,,
2/24/2021 23:30,0,,,
2/24/2021 23:15,0,,,
2/24/2021 23:00,0,,,
2/24/2021 22:45,0,,,
2/24/2021 22:30,0,,,
2/24/2021 22:15,0,,,
2/24/2021 22:00,0,,,
2/24/2021 21:45,0,,,
2/24/2021 21:30,0,,,
2/24/2021 21:15,0,,,
2/24/2021 21:00,0,,,
2/24/2021 20:45,0,,,
2/24/2021 20:30,0,,,
2/24/2021 20:15,0,,,
2/24/2021 20:00,0,,,
2/24/2021 19:45,0,,,
2/24/2021 19:30,0,,,
2/24/2021 19:15,0,,,
2/24/2021 19:00,0,,,
2/24/2021 18:45,0,,,
2/24/2021 18:30,0,,,
2/24/2021 18:15,0,,,
2/24/2021 18:00,0,,,
2/24/2021 17:45,0,,,
2/24/2021 17:30,0,,,
2/24/2021 17:15,0,,,
2/24/2021 17:00,0,,,
2/24/2021 16:45,0,,,
2/24/2021 16:30,0,,,
2/24/2021 16:15,0,,,
2/24/2021 16:00,0,,,
2/24/2021 15:45,0,,,
2/24/2021 15:30,0,,,
2/24/2021 15:15,0,,,
2/24/2021 15:00,0,,,
2/24/2021 14:45,0,,,
2/24/2021 14:30,0,,,
2/24/2021 14:15,0,,,
2/24/2021 14:00,0,,,
2/24/2021 13:45,0,,,
2/24/2021 13:30,0,,,
2/24/2021 13:15,0,,,
2/24/2021 13:00,0,,,
2/24/2021 12:45,0,,,
2/24/2021 12:30,0,,,
2/24/2021 12:15,0,,,
2/24/2021 12:00,0,,,
2/24/2021 11:45,0,,,
2/24/2021 11:30,0,,,
2/24/2021 11:15,0,,,
2/24/2021 11:00,0,,,
2/24/2021 10:45,0,,,
2/24/2021 10:30,0,,,
2/24/2021 10:15,0,,,
2/24/2021 10:00,0,,,
2/24/2021 9:45,0,,,
2/24/2021 9:30,0,,,
2/24/2021 9:15,0,,,
2/24/2021 9:00,0,,,
2/24/2021 8:45,0,,,
2/24/2021 8:30,0,,,
2/24/2021 8:15,0,,,
2/24/2021 8:00,0,,,
2/24/2021 7:45,0,,,
2/24/2021 7:30,0,,,
2/24/2021 7:15,0,,,
2/24/2021 7:00,0,,,
2/24/2021 6:45,0,,,
2/24/2021 6:30,0,,,
2/24/2021 6:15,0,,,
2/24/2021 6:00,0,,,
2/24/2021 5:45,0,,,
2/24/2021 5:30,0,,,
2/24/2021 5:15,0,,,
2/24/2021 5:00,0,,,
2/24/2021 4:45,0,,,
2/24/2021 4:30,0,,,
2/24/2021 4:15,0,,,
2/24/2021 4:00,0,,,
2/24/2021 3:45,0,,,
2/24/2021 3:30,0,,,
2/24/2021 3:15,0,,,
2/24/2021 3:00,0,,,
2/24/2021 2:45,0,,,
2/24/2021 2:30,0,,,
2/24/2021 2:15,0,,,
2/24/2021 2:00,0,,,
2/24/2021 1:45,0,,,
2/24/2021 1:30,0,,,
2/24/2021 1:15,0,,,
2/24/2021 1:00,0,,,
2/24/2021 0:45,0,,,
2/24/2021 0:30,0,,,
2/24/2021 0:15,0,,,
2/24/2021 0:00,0,,,
2/23/2021 23:45,0,,,
2/23/2021 23:30,0,,,
2/23/2021 23:15,0,,,
2/23/2021 23:00,0,,,
2/23/2021 22:45,0,,,
2/23/2021 22:30,0,,,
2/23/2021 22:15,0,,,
2/23/2021 22:00,0,,,
2/23/2021 21:45,0,,,
2/23/2021 21:30,0,,,
2/23/2021 21:15,0,,,
2/23/2021 21:00,0,,,
2/23/2021 20:45,0,,,
2/23/2021 20:30,0,,,
2/23/2021 20:15,0,,,
2/23/2021 20:00,0,,,
2/23/2021 19:45,0,,,
2/23/2021 19:30,0,,,
2/23/2021 19:15,0,,,
2/23/2021 19:00,0,,,
2/23/2021 18:45,0,,,
2/23/2021 18:30,0,,,
2/23/2021 18:15,0,,,
2/23/2021 18:00,0,,,
2/23/2021 17:45,0,,,
2/23/2021 17:30,0,,,
2/23/2021 17:15,0,,,
2/23/2021 17:00,0,,,
2/23/2021 16:45,0,,,
2/23/2021 16:30,0,,,
2/23/2021 16:15,0,,,
2/23/2021 16:00,0,,,
2/23/2021 15:45,0,,,
2/23/2021 15:30,0,,,
2/23/2021 15:15,0,,,
2/23/2021 15:00,0,,,
2/23/2021 14:45,0,,,
2/23/2021 14:30,0,,,
2/23/2021 14:15,0,,,
2/23/2021 14:00,0,,,
2/23/2021 13:45,0,,,
2/23/2021 13:30,0,,,
2/23/2021 13:15,0,,,
2/23/2021 13:00,0,,,
2/23/2021 12:45,0,,,
2/23/2021 12:30,0,,,
2/23/2021 12:15,0,,,
2/23/2021 12:00,0,,,
2/23/2021 11:45,0,,,
2/23/2021 11:30,0,,,
2/23/2021 11:15,0,,,
2/23/2021 11:00,0,,,
2/23/2021 10:45,0,,,
2/23/2021 10:30,0,,,
2/23/2021 10:15,0,,,
2/23/2021 10:00,0,,,
2/23/2021 9:45,0,,,
2/23/2021 9:30,0,,,
2/23/2021 9:15,0,,,
2/23/2021 9:00,0,,,
2/23/2021 8:45,0,,,
2/23/2021 8:30,0,,,
2/23/2021 8:15,0,,,
2/23/2021 8:00,0,,,
2/23/2021 7:45,0,,,
2/23/2021 7:30,0,,,
2/23/2021 7:15,0,,,
2/23/2021 7:00,0,,,
2/23/2021 6:45,0,,,
2/23/2021 6:30,0,,,
2/23/2021 6:15,0,,,
2/23/2021 6:00,0,,,
2/23/2021 5:45,0,,,
2/23/2021 5:30,0,,,
2/23/2021 5:15,0,,,
2/23/2021 5:00,0,,,
2/23/2021 4:45,0,,,
2/23/2021 4:30,0,,,
2/23/2021 4:15,0,,,
2/23/2021 4:00,0,,,
2/23/2021 3:45,0,,,
2/23/2021 3:30,0,,,
2/23/2021 3:15,0,,,
2/23/2021 3:00,0,,,
2/23/2021 2:45,0,,,
2/23/2021 2:30,0,,,
2/23/2021 2:15,0,,,
2/23/2021 2:00,0,,,
2/23/2021 1:45,0,,,
2/23/2021 1:30,0,,,
2/23/2021 1:15,0,,,
2/23/2021 1:00,0,,,
2/23/2021 0:45,0,,,
2/23/2021 0:30,0,,,
2/23/2021 0:15,0,,,
2/23/2021 0:00,0,,,
2/22/2021 23:45,0,,,
2/22/2021 23:30,0,,,
2/22/2021 23:15,0,,,
2/22/2021 23:00,0,,,
2/22/2021 22:45,0,,,
2/22/2021 22:30,0,,,
2/22/2021 22:15,0,,,
2/22/2021 22:00,0,,,
2/22/2021 21:45,0,,,
2/22/2021 21:30,0,,,
2/22/2021 21:15,0,,,
2/22/2021 21:00,0,,,
2/22/2021 20:45,0,,,
2/22/2021 20:30,0,,,
2/22/2021 20:15,0,,,
2/22/2021 20:00,0,,,
2/22/2021 19:45,0,,,
2/22/2021 19:30,0,,,
2/22/2021 19:15,0,,,
2/22/2021 19:00,0,,,
2/22/2021 18:45,0,,,
2/22/2021 18:30,0,,,
2/22/2021 18:15,0,,,
2/22/2021 18:00,0,,,
2/22/2021 17:45,0,,,
2/22/2021 17:30,0,,,
2/22/2021 17:15,0,,,
2/22/2021 17:00,0,,,
2/22/2021 16:45,0,,,
2/22/2021 16:30,0,,,
2/22/2021 16:15,0,,,
2/22/2021 16:00,0,,,
2/22/2021 15:45,0,,,
2/22/2021 15:30,0,,,
2/22/2021 15:15,0,,,
2/22/2021 15:00,0,,,
2/22/2021 14:45,0,,,
2/22/2021 14:30,0,,,
2/22/2021 14:15,0,,,
2/22/2021 14:00,0,,,
2/22/2021 13:45,0,,,
2/22/2021 13:30,0,,,
2/22/2021 13:15,0,,,
2/22/2021 13:00,0,,,
2/22/2021 12:45,0,,,
2/22/2021 12:30,0,,,
2/22/2021 12:15,0,,,
2/22/2021 12:00,0,,,
2/22/2021 11:45,0,,,
2/22/2021 11:30,0,,,
2/22/2021 11:15,0,,,
2/22/2021 11:00,0,,,
2/22/2021 10:45,0,,,
2/22/2021 10:30,0,,,
2/22/2021 10:15,0,,,
2/22/2021 10:00,0,,,
2/22/2021 9:45,0,,,
2/22/2021 9:30,0,,,
2/22/2021 9:15,0,,,
2/22/2021 9:00,0,,,
2/22/2021 8:45,0,,,
2/22/2021 8:30,0,,,
2/22/2021 8:15,0,,,
2/22/2021 8:00,0,,,
2/22/2021 7:45,0,,,
2/22/2021 7:30,0,,,
2/22/2021 7:15,0,,,
2/22/2021 7:00,0,,,
2/22/2021 6:45,0,,,
2/22/2021 6:30,0,,,
2/22/2021 6:15,0,,,
2/22/2021 6:00,0,,,
2/22/2021 5:45,0,,,
2/22/2021 5:30,0,,,
2/22/2021 5:15,0,,,
2/22/2021 5:00,0,,,
2/22/2021 4:45,0,,,
2/22/2021 4:30,0,,,
2/22/2021 4:15,0,,,
2/22/2021 4:00,0,,,
2/22/2021 3:45,0,,,
2/22/2021 3:30,0,,,
2/22/2021 3:15,0,,,
2/22/2021 3:00,0,,,
2/22/2021 2:45,0,,,
2/22/2021 2:30,0,,,
2/22/2021 2:15,0,,,
2/22/2021 2:00,0,,,
2/22/2021 1:45,0,,,
2/22/2021 1:30,0,,,
2/22/2021 1:15,0,,,
2/22/2021 1:00,0,,,
2/22/2021 0:45,0,,,
2/22/2021 0:30,0,,,
2/22/2021 0:15,0,,,
2/22/2021 0:00,0,,,
2/21/2021 23:45,0,,,
2/21/2021 23:30,0,,,
2/21/2021 23:15,0,,,
2/21/2021 23:00,0,,,
2/21/2021 22:45,0,,,
2/21/2021 22:30,0,,,
2/21/2021 22:15,0,,,
2/21/2021 22:00,0,,,
2/21/2021 21:45,0,,,
2/21/2021 21:30,0,,,
2/21/2021 21:15,0,,,
2/21/2021 21:00,0,,,
2/21/2021 20:45,0,,,
2/21/2021 20:30,0,,,
2/21/2021 20:15,0,,,
2/21/2021 20:00,0,,,
2/21/2021 19:45,0,,,
2/21/2021 19:30,0,,,
2/21/2021 19:15,0,,,
2/21/2021 19:00,0,,,
2/21/2021 18:45,0,,,
2/21/2021 18:30,0,,,
2/21/2021 18:15,0,,,
2/21/2021 18:00,0,,,
2/21/2021 17:45,0,,,
2/21/2021 17:30,0,,,
2/21/2021 17:15,0,,,
2/21/2021 17:00,0,,,
2/21/2021 16:45,0,,,
2/21/2021 16:30,0,,,
2/21/2021 16:15,0,,,
2/21/2021 16:00,0,,,
2/21/2021 15:45,0,,,
2/21/2021 15:30,0,,,
2/21/2021 15:15,0,,,
2/21/2021 15:00,0,,,
2/21/2021 14:45,0,,,
2/21/2021 14:30,0,,,
2/21/2021 14:15,0,,,
2/21/2021 14:00,0,,,
2/21/2021 13:45,0,,,
2/21/2021 13:30,0,,,
2/21/2021 13:15,0,,,
2/21/2021 13:00,0,,,
2/21/2021 12:45,0,,,
2/21/2021 12:30,0,,,
2/21/2021 12:15,0,,,
2/21/2021 12:00,0,,,
2/21/2021 11:45,0,,,
2/21/2021 11:30,0,,,
2/21/2021 11:15,0,,,
2/21/2021 11:00,0,,,
2/21/2021 10:45,0,,,
2/21/2021 10:30,0,,,
2/21/2021 10:15,0,,,
2/21/2021 10:00,0,,,
2/21/2021 9:45,0,,,
2/21/2021 9:30,0,,,
2/21/2021 9:15,0,,,
2/21/2021 9:00,0,,,
2/21/2021 8:45,0,,,
2/21/2021 8:30,0,,,
2/21/2021 8:15,0,,,
2/21/2021 8:00,0,,,
2/21/2021 7:45,0,,,
2/21/2021 7:30,0,,,
2/21/2021 7:15,0,,,
2/21/2021 7:00,0,,,
2/21/2021 6:45,0,,,
2/21/2021 6:30,0,,,
2/21/2021 6:15,0,,,
2/21/2021 6:00,0,,,
2/21/2021 5:45,0,,,
2/21/2021 5:30,0,,,
2/21/2021 5:15,0,,,
2/21/2021 5:00,0,,,
2/21/2021 4:45,0,,,
2/21/2021 4:30,0,,,
2/21/2021 4:15,0,,,
2/21/2021 4:00,0,,,
2/21/2021 3:45,0,,,
2/21/2021 3:30,0,,,
2/21/2021 3:15,0,,,
2/21/2021 3:00,0,,,
2/21/2021 2:45,0,,,
2/21/2021 2:30,0,,,
2/21/2021 2:15,0,,,
2/21/2021 2:00,0,,,
2/21/2021 1:45,0,,,
2/21/2021 1:30,0,,,
2/21/2021 1:15,0,,,
2/21/2021 1:00,0,,,
2/21/2021 0:45,0,,,
2/21/2021 0:30,0,,,
2/21/2021 0:15,0,,,
2/21/2021 0:00,0,,,
2/20/2021 23:45,0,,,
2/20/2021 23:30,0,,,
2/20/2021 23:15,0,,,
2/20/2021 23:00,0,,,
2/20/2021 22:45,0,,,
2/20/2021 22:30,0,,,
2/20/2021 22:15,0,,,
2/20/2021 22:00,0,,,
2/20/2021 21:45,0,,,
2/20/2021 21:30,0,,,
2/20/2021 21:15,0,,,
2/20/2021 21:00,0,,,
2/20/2021 20:45,0,,,
2/20/2021 20:30,0,,,
2/20/2021 20:15,0,,,
2/20/2021 20:00,0,,,
2/20/2021 19:45,0,,,
2/20/2021 19:30,0,,,
2/20/2021 19:15,0,,,
2/20/2021 19:00,0,,,
2/20/2021 18:45,0,,,
2/20/2021 18:30,0,,,
2/20/2021 18:15,0,,,
2/20/2021 18:00,0,,,
2/20/2021 17:45,0,,,
2/20/2021 17:30,0,,,
2/20/2021 17:15,0,,,
2/20/2021 17:00,0,,,
2/20/2021 16:45,0,,,
2/20/2021 16:30,0,,,
2/20/2021 16:15,0,,,
2/20/2021 16:00,0,,,
2/20/2021 15:45,0,,,
2/20/2021 15:30,0,,,
2/20/2021 15:15,0,,,
2/20/2021 15:00,0,,,
2/20/2021 14:45,0,,,
2/20/2021 14:30,0,,,
2/20/2021 14:15,0,,,
2/20/2021 14:00,0,,,
2/20/2021 13:45,0,,,
2/20/2021 13:30,0,,,
2/20/2021 13:15,0,,,
2/20/2021 13:00,0,,,
2/20/2021 12:45,0,,,
2/20/2021 12:30,0,,,
2/20/2021 12:15,0,,,
2/20/2021 12:00,0,,,
2/20/2021 11:45,0,,,
2/20/2021 11:30,0,,,
2/20/2021 11:15,0,,,
2/20/2021 11:00,0,,,
2/20/2021 10:45,0,,,
2/20/2021 10:30,0,,,
2/20/2021 10:15,0,,,
2/20/2021 10:00,0,,,
2/20/2021 9:45,0,,,
2/20/2021 9:30,0,,,
2/20/2021 9:15,0,,,
2/20/2021 9:00,0,,,
2/20/2021 8:45,0,,,
2/20/2021 8:30,0,,,
2/20/2021 8:15,0,,,
2/20/2021 8:00,0,,,
2/20/2021 7:45,0,,,
2/20/2021 7:30,0,,,
2/20/2021 7:15,0,,,
2/20/2021 7:00,0,,,
2/20/2021 6:45,0,,,
2/20/2021 6:30,0,,,
2/20/2021 6:15,0,,,
2/20/2021 6:00,0,,,
2/20/2021 5:45,0,,,
2/20/2021 5:30,0,,,
2/20/2021 5:15,0,,,
2/20/2021 5:00,0,,,
2/20/2021 4:45,0,,,
2/20/2021 4:30,0,,,
2/20/2021 4:15,0,,,
2/20/2021 4:00,0,,,
2/20/2021 3:45,0,,,
2/20/2021 3:30,0,,,
2/20/2021 3:15,0,,,
2/20/2021 3:00,0,,,
2/20/2021 2:45,0,,,
2/20/2021 2:30,0,,,
2/20/2021 2:15,0,,,
2/20/2021 2:00,0,,,
2/20/2021 1:45,0,,,
2/20/2021 1:30,0,,,
2/20/2021 1:15,0,,,
2/20/2021 1:00,0,,,
2/20/2021 0:45,0,,,
2/20/2021 0:30,0,,,
2/20/2021 0:15,0,,,
2/20/2021 0:00,0,,,
2/19/2021 23:45,0,,,
2/19/2021 23:30,0,,,
2/19/2021 23:15,0,,,
2/19/2021 23:00,0,,,
2/19/2021 22:45,0,,,
2/19/2021 22:30,0,,,
2/19/2021 22:15,0,,,
2/19/2021 22:00,0,,,
2/19/2021 21:45,0,,,
2/19/2021 21:30,0,,,
2/19/2021 21:15,0,,,
2/19/2021 21:00,0,,,
2/19/2021 20:45,0,,,
2/19/2021 20:30,0,,,
2/19/2021 20:15,0,,,
2/19/2021 20:00,0,,,
2/19/2021 19:45,0,,,
2/19/2021 19:30,0,,,
2/19/2021 19:15,0,,,
2/19/2021 19:00,0,,,
2/19/2021 18:45,0,,,
2/19/2021 18:30,0,,,
2/19/2021 18:15,0,,,
2/19/2021 18:00,0,,,
2/19/2021 17:45,0,,,
2/19/2021 17:30,0,,,
2/19/2021 17:15,0,,,
2/19/2021 17:00,0,,,
2/19/2021 16:45,0,,,
2/19/2021 16:30,0,,,
2/19/2021 16:15,0,,,
2/19/2021 16:00,0,,,
2/19/2021 15:45,0,,,
2/19/2021 15:30,0,,,
2/19/2021 15:15,0,,,
2/19/2021 15:00,0,,,
2/19/2021 14:45,0,,,
2/19/2021 14:30,0,,,
2/19/2021 14:15,0,,,
2/19/2021 14:00,0,,,
2/19/2021 13:45,0,,,
2/19/2021 13:30,0,,,
2/19/2021 13:15,0,,,
2/19/2021 13:00,0,,,
2/19/2021 12:45,0,,,
2/19/2021 12:30,0,,,
2/19/2021 12:15,0,,,
2/19/2021 12:00,0,,,
2/19/2021 11:45,0,,,
2/19/2021 11:30,0,,,
2/19/2021 11:15,0,,,
2/19/2021 11:00,0,,,
2/19/2021 10:45,0,,,
2/19/2021 10:30,0,,,
2/19/2021 10:15,0,,,
2/19/2021 10:00,0,,,
2/19/2021 9:45,0,,,
2/19/2021 9:30,0,,,
2/19/2021 9:15,0,,,
2/19/2021 9:00,0,,,
2/19/2021 8:45,0,,,
2/19/2021 8:30,0,,,
2/19/2021 8:15,0,,,
2/19/2021 8:00,0,,,
2/19/2021 7:45,0,,,
2/19/2021 7:30,0,,,
2/19/2021 7:15,0,,,
2/19/2021 7:00,0,,,
2/19/2021 6:45,0,,,
2/19/2021 6:30,0,,,
2/19/2021 6:15,0,,,
2/19/2021 6:00,0,,,
2/19/2021 5:45,0,,,
2/19/2021 5:30,0,,,
2/19/2021 5:15,0,,,
2/19/2021 5:00,0,,,
2/19/2021 4:45,0,,,
2/19/2021 4:30,0,,,
2/19/2021 4:15,0,,,
2/19/2021 4:00,0,,,
2/19/2021 3:45,0,,,
2/19/2021 3:30,0,,,
2/19/2021 3:15,0,,,
2/19/2021 3:00,0,,,
2/19/2021 2:45,0,,,
2/19/2021 2:30,0,,,
2/19/2021 2:15,0,,,
2/19/2021 2:00,0,,,
2/19/2021 1:45,0,,,
2/19/2021 1:30,0,,,
2/19/2021 1:15,0,,,
2/19/2021 1:00,0,,,
2/19/2021 0:45,0,,,
2/19/2021 0:30,0,,,
2/19/2021 0:15,0,,,
2/19/2021 0:00,0,,,
2/18/2021 23:45,0,,,
2/18/2021 23:30,0,,,
2/18/2021 23:15,0,,,
2/18/2021 23:00,0,,,
2/18/2021 22:45,0,,,
2/18/2021 22:30,0,,,
2/18/2021 22:15,0,,,
2/18/2021 22:00,0,,,
2/18/2021 21:45,0,,,
2/18/2021 21:30,0,,,
2/18/2021 21:15,0,,,
2/18/2021 21:00,0,,,
2/18/2021 20:45,0,,,
2/18/2021 20:30,0,,,
2/18/2021 20:15,0,,,
2/18/2021 20:00,0,,,
2/18/2021 19:45,0,,,
2/18/2021 19:30,0,,,
2/18/2021 19:15,0,,,
2/18/2021 19:00,0,,,
2/18/2021 18:45,0,,,
2/18/2021 18:30,0,,,
2/18/2021 18:15,0,,,
2/18/2021 18:00,0,,,
2/18/2021 17:45,0,,,
2/18/2021 17:30,0,,,
2/18/2021 17:15,0,,,
2/18/2021 17:00,0,,,
2/18/2021 16:45,0,,,
2/18/2021 16:30,0,,,
2/18/2021 16:15,0,,,
2/18/2021 16:00,0,,,
2/18/2021 15:45,0,,,
2/18/2021 15:30,0,,,
2/18/2021 15:15,0,,,
2/18/2021 15:00,0,,,
2/18/2021 14:45,0,,,
2/18/2021 14:30,0,,,
2/18/2021 14:15,0,,,
2/18/2021 14:00,0,,,
2/18/2021 13:45,0,,,
2/18/2021 13:30,0,,,
2/18/2021 13:15,0,,,
2/18/2021 13:00,0,,,
2/18/2021 12:45,0,,,
2/18/2021 12:30,0,,,
2/18/2021 12:15,0,,,
2/18/2021 12:00,0,,,
2/18/2021 11:45,0,,,
2/18/2021 11:30,0,,,
2/18/2021 11:15,0,,,
2/18/2021 11:00,0,,,
2/18/2021 10:45,0,,,
2/18/2021 10:30,0,,,
2/18/2021 10:15,0,,,
2/18/2021 10:00,0,,,
2/18/2021 9:45,0,,,
2/18/2021 9:30,0,,,
2/18/2021 9:15,0,,,
2/18/2021 9:00,0,,,
2/18/2021 8:45,0,,,
2/18/2021 8:30,0,,,
2/18/2021 8:15,0,,,
2/18/2021 8:00,0,,,
2/18/2021 7:45,0,,,
2/18/2021 7:30,0,,,
2/18/2021 7:15,0,,,
2/18/2021 7:00,0,,,
2/18/2021 6:45,0,,,
2/18/2021 6:30,0,,,
2/18/2021 6:15,0,,,
2/18/2021 6:00,0,,,
2/18/2021 5:45,0,,,
2/18/2021 5:30,0,,,
2/18/2021 5:15,0,,,
2/18/2021 5:00,0,,,
2/18/2021 4:45,0,,,
2/18/2021 4:30,0,,,
2/18/2021 4:15,0,,,
2/18/2021 4:00,0,,,
2/18/2021 3:45,0,,,
2/18/2021 3:30,0,,,
2/18/2021 3:15,0,,,
2/18/2021 3:00,0,,,
2/18/2021 2:45,0,,,
2/18/2021 2:30,0,,,
2/18/2021 2:15,0,,,
2/18/2021 2:00,0,,,
2/18/2021 1:45,0,,,
2/18/2021 1:30,0,,,
2/18/2021 1:15,0,,,
2/18/2021 1:00,0,,,
2/18/2021 0:45,0,,,
2/18/2021 0:30,0,,,
2/18/2021 0:15,0,,,
2/18/2021 0:00,0,,,
2/17/2021 23:45,0,,,
2/17/2021 23:30,0,,,
2/17/2021 23:15,0,,,
2/17/2021 23:00,0,,,
2/17/2021 22:45,0,,,
2/17/2021 22:30,0,,,
2/17/2021 22:15,0,,,
2/17/2021 22:00,0,,,
2/17/2021 21:45,0,,,
2/17/2021 21:30,0,,,
2/17/2021 21:15,0,,,
2/17/2021 21:00,0,,,
2/17/2021 20:45,0,,,
2/17/2021 20:30,0,,,
2/17/2021 20:15,0,,,
2/17/2021 20:00,0,,,
2/17/2021 19:45,0,,,
2/17/2021 19:30,0,,,
2/17/2021 19:15,0,,,
2/17/2021 19:00,0,,,
2/17/2021 18:45,0,,,
2/17/2021 18:30,0,,,
2/17/2021 18:15,0,,,
2/17/2021 18:00,0,,,
2/17/2021 17:45,0,,,
2/17/2021 17:30,0,,,
2/17/2021 17:15,0,,,
2/17/2021 17:00,0,,,
2/17/2021 16:45,0,,,
2/17/2021 16:30,0,,,
2/17/2021 16:15,0,,,
2/17/2021 16:00,0,,,
2/17/2021 15:45,0,,,
2/17/2021 15:30,0,,,
2/17/2021 15:15,0,,,
2/17/2021 15:00,0,,,
2/17/2021 14:45,0,,,
2/17/2021 14:30,0,,,
2/17/2021 14:15,0,,,
2/17/2021 14:00,0,,,
2/17/2021 13:45,0,,,
2/17/2021 13:30,0,,,
2/17/2021 13:15,0,,,
2/17/2021 13:00,0,,,
2/17/2021 12:45,0,,,
2/17/2021 12:30,0,,,
2/17/2021 12:15,0,,,
2/17/2021 12:00,0,,,
2/17/2021 11:45,0,,,
2/17/2021 11:30,0,,,
2/17/2021 11:15,0,,,
2/17/2021 11:00,0,,,
2/17/2021 10:45,0,,,
2/17/2021 10:30,0,,,
2/17/2021 10:15,0,,,
2/17/2021 10:00,0,,,
2/17/2021 9:45,0,,,
2/17/2021 9:30,0,,,
2/17/2021 9:15,0,,,
2/17/2021 9:00,0,,,
2/17/2021 8:45,0,,,
2/17/2021 8:30,0,,,
2/17/2021 8:15,0,,,
2/17/2021 8:00,0,,,
2/17/2021 7:45,0,,,
2/17/2021 7:30,0,,,
2/17/2021 7:15,0,,,
2/17/2021 7:00,0,,,
2/17/2021 6:45,0,,,
2/17/2021 6:30,0,,,
2/17/2021 6:15,0,,,
2/17/2021 6:00,0,,,
2/17/2021 5:45,0,,,
2/17/2021 5:30,0,,,
2/17/2021 5:15,0,,,
2/17/2021 5:00,0,,,
2/17/2021 4:45,0,,,
2/17/2021 4:30,0,,,
2/17/2021 4:15,0,,,
2/17/2021 4:00,0,,,
2/17/2021 3:45,0,,,
2/17/2021 3:30,0,,,
2/17/2021 3:15,0,,,
2/17/2021 3:00,0,,,
2/17/2021 2:45,0,,,
2/17/2021 2:30,0,,,
2/17/2021 2:15,0,,,
2/17/2021 2:00,0,,,
2/17/2021 1:45,0,,,
2/17/2021 1:30,0,,,
2/17/2021 1:15,0,,,
2/17/2021 1:00,0,,,
2/17/2021 0:45,0,,,
2/17/2021 0:30,0,,,
2/17/2021 0:15,0,,,
2/17/2021 0:00,0,,,
2/16/2021 23:45,0,,,
2/16/2021 23:30,0,,,
2/16/2021 23:15,0,,,
2/16/2021 23:00,0,,,
2/16/2021 22:45,0,,,
2/16/2021 22:30,0,,,
2/16/2021 22:15,0,,,
2/16/2021 22:00,0,,,
2/16/2021 21:45,0,,,
2/16/2021 21:30,0,,,
2/16/2021 21:15,0,,,
2/16/2021 21:00,0,,,
2/16/2021 20:45,0,,,
2/16/2021 20:30,0,,,
2/16/2021 20:15,0,,,
2/16/2021 20:00,0,,,
2/16/2021 19:45,0,,,
2/16/2021 19:30,0,,,
2/16/2021 19:15,0,,,
2/16/2021 19:00,0,,,
2/16/2021 18:45,0,,,
2/16/2021 18:30,0,,,
2/16/2021 18:15,0,,,
2/16/2021 18:00,0,,,
2/16/2021 17:45,0,,,
2/16/2021 17:30,0,,,
2/16/2021 17:15,0,,,
2/16/2021 17:00,0,,,
2/16/2021 16:45,0,,,
2/16/2021 16:30,0,,,
2/16/2021 16:15,0,,,
2/16/2021 16:00,0,,,
2/16/2021 15:45,0,,,
2/16/2021 15:30,0,,,
2/16/2021 15:15,0,,,
2/16/2021 15:00,0,,,
2/16/2021 14:45,0,,,
2/16/2021 14:30,0,,,
2/16/2021 14:15,0,,,
2/16/2021 14:00,0,,,
2/16/2021 13:45,0,,,
2/16/2021 13:30,0,,,
2/16/2021 13:15,0,,,
2/16/2021 13:00,0,,,
2/16/2021 12:45,0,,,
2/16/2021 12:30,0,,,
2/16/2021 12:15,0,,,
2/16/2021 12:00,0,,,
2/16/2021 11:45,0,,,
2/16/2021 11:30,0,,,
2/16/2021 11:15,0,,,
2/16/2021 11:00,0,,,
2/16/2021 10:45,0,,,
2/16/2021 10:30,0,,,
2/16/2021 10:15,0,,,
2/16/2021 10:00,0,,,
2/16/2021 9:45,0,,,
2/16/2021 9:30,0,,,
2/16/2021 9:15,0,,,
2/16/2021 9:00,0,,,
2/16/2021 8:45,0,,,
2/16/2021 8:30,0,,,
2/16/2021 8:15,0,,,
2/16/2021 8:00,0,,,
2/16/2021 7:45,0,,,
2/16/2021 7:30,0,,,
2/16/2021 7:15,0,,,
2/16/2021 7:00,0,,,
2/16/2021 6:45,0,,,
2/16/2021 6:30,0,,,
2/16/2021 6:15,0,,,
2/16/2021 6:00,0,,,
2/16/2021 5:45,0,,,
2/16/2021 5:30,0,,,
2/16/2021 5:15,0,,,
2/16/2021 5:00,0,,,
2/16/2021 4:45,0,,,
2/16/2021 4:30,0,,,
2/16/2021 4:15,0,,,
2/16/2021 4:00,0,,,
2/16/2021 3:45,0,,,
2/16/2021 3:30,0,,,
2/16/2021 3:15,0,,,
2/16/2021 3:00,0,,,
2/16/2021 2:45,0,,,
2/16/2021 2:30,0,,,
2/16/2021 2:15,0,,,
2/16/2021 2:00,0,,,
2/16/2021 1:45,0,,,
2/16/2021 1:30,0,,,
2/16/2021 1:15,0,,,
2/16/2021 1:00,0,,,
2/16/2021 0:45,0,,,
2/16/2021 0:30,0,,,
2/16/2021 0:15,0,,,
2/16/2021 0:00,0,,,
2/15/2021 23:45,0,,,
2/15/2021 23:30,0,,,
2/15/2021 23:15,0,,,
2/15/2021 23:00,0,,,
2/15/2021 22:45,0,,,
2/15/2021 22:30,0,,,
2/15/2021 22:15,0,,,
2/15/2021 22:00,0,,,
2/15/2021 21:45,0,,,
2/15/2021 21:30,0,,,
2/15/2021 21:15,0,,,
2/15/2021 21:00,0,,,
2/15/2021 20:45,0,,,
2/15/2021 20:30,0,,,
2/15/2021 20:15,0,,,
2/15/2021 20:00,0,,,
2/15/2021 19:45,0,,,
2/15/2021 19:30,0,,,
2/15/2021 19:15,0,,,
2/15/2021 19:00,0,,,
2/15/2021 18:45,0,,,
2/15/2021 18:30,0,,,
2/15/2021 18:15,0,,,
2/15/2021 18:00,0,,,
2/15/2021 17:45,0,,,
2/15/2021 17:30,0,,,
2/15/2021 17:15,0,,,
2/15/2021 17:00,0,,,
2/15/2021 16:45,0,,,
2/15/2021 16:30,0,,,
2/15/2021 16:15,0,,,
2/15/2021 16:00,0,,,
2/15/2021 15:45,0,,,
2/15/2021 15:30,0,,,
2/15/2021 15:15,0,,,
2/15/2021 15:00,0,,,
2/15/2021 14:45,0,,,
2/15/2021 14:30,0,,,
2/15/2021 14:15,0,,,
2/15/2021 14:00,0,,,
2/15/2021 13:45,0,,,
2/15/2021 13:30,0,,,
2/15/2021 13:15,0,,,
2/15/2021 13:00,0,,,
2/15/2021 12:45,0,,,
2/15/2021 12:30,0,,,
2/15/2021 12:15,0,,,
2/15/2021 12:00,0,,,
2/15/2021 11:45,0,,,
2/15/2021 11:30,0,,,
2/15/2021 11:15,0,,,
2/15/2021 11:00,0,,,
2/15/2021 10:45,0,,,
2/15/2021 10:30,0,,,
2/15/2021 10:15,0,,,
2/15/2021 10:00,0,,,
2/15/2021 9:45,0,,,
2/15/2021 9:30,0,,,
2/15/2021 9:15,0,,,
2/15/2021 9:00,0,,,
2/15/2021 8:45,0,,,
2/15/2021 8:30,0,,,
2/15/2021 8:15,0,,,
2/15/2021 8:00,0,,,
2/15/2021 7:45,0,,,
2/15/2021 7:30,0,,,
2/15/2021 7:15,0,,,
2/15/2021 7:00,0,,,
2/15/2021 6:45,0,,,
2/15/2021 6:30,0,,,
2/15/2021 6:15,0,,,
2/15/2021 6:00,0,,,
2/15/2021 5:45,0,,,
2/15/2021 5:30,0,,,
2/15/2021 5:15,0,,,
2/15/2021 5:00,0,,,
2/15/2021 4:45,0,,,
2/15/2021 4:30,0,,,
2/15/2021 4:15,0,,,
2/15/2021 4:00,0,,,
2/15/2021 3:45,0,,,
2/15/2021 3:30,0,,,
2/15/2021 3:15,0,,,
2/15/2021 3:00,0,,,
2/15/2021 2:45,0,,,
2/15/2021 2:30,0,,,
2/15/2021 2:15,0,,,
2/15/2021 2:00,0,,,
2/15/2021 1:45,0,,,
2/15/2021 1:30,0,,,
2/15/2021 1:15,0,,,
2/15/2021 1:00,0,,,
2/15/2021 0:45,0,,,
2/15/2021 0:30,0,,,
2/15/2021 0:15,0,,,
2/15/2021 0:00,0,,,
2/14/2021 23:45,0,,,
2/14/2021 23:30,0,,,
2/14/2021 23:15,0,,,
2/14/2021 23:00,0,,,
2/14/2021 22:45,0,,,
2/14/2021 22:30,0,,,
2/14/2021 22:15,0,,,
2/14/2021 22:00,0,,,
2/14/2021 21:45,0,,,
2/14/2021 21:30,0,,,
2/14/2021 21:15,0,,,
2/14/2021 21:00,0,,,
2/14/2021 20:45,0,,,
2/14/2021 20:30,0,,,
2/14/2021 20:15,0,,,
2/14/2021 20:00,0,,,
2/14/2021 19:45,0,,,
2/14/2021 19:30,0,,,
2/14/2021 19:15,0,,,
2/14/2021 19:00,0,,,
2/14/2021 18:45,0,,,
2/14/2021 18:30,0,,,
2/14/2021 18:15,0,,,
2/14/2021 18:00,0,,,
2/14/2021 17:45,0,,,
2/14/2021 17:30,0,,,
2/14/2021 17:15,0,,,
2/14/2021 17:00,0,,,
2/14/2021 16:45,0,,,
2/14/2021 16:30,0,,,
2/14/2021 16:15,0,,,
2/14/2021 16:00,0,,,
2/14/2021 15:45,0,,,
2/14/2021 15:30,0,,,
2/14/2021 15:15,0,,,
2/14/2021 15:00,0,,,
2/14/2021 14:45,0,,,
2/14/2021 14:30,0,,,
2/14/2021 14:15,0,,,
2/14/2021 14:00,0,,,
2/14/2021 13:45,0,,,
2/14/2021 13:30,0,,,
2/14/2021 13:15,0,,,
2/14/2021 13:00,0,,,
2/14/2021 12:45,0,,,
2/14/2021 12:30,0,,,
2/14/2021 12:15,0,,,
2/14/2021 12:00,0,,,
2/14/2021 11:45,0,,,
2/14/2021 11:30,0,,,
2/14/2021 11:15,0,,,
2/14/2021 11:00,0,,,
2/14/2021 10:45,0,,,
2/14/2021 10:30,0,,,
2/14/2021 10:15,0,,,
2/14/2021 10:00,0,,,
2/14/2021 9:45,0,,,
2/14/2021 9:30,0,,,
2/14/2021 9:15,0,,,
2/14/2021 9:00,0,,,
2/14/2021 8:45,0,,,
2/14/2021 8:30,0,,,
2/14/2021 8:15,0,,,
2/14/2021 8:00,0,,,
2/14/2021 7:45,0,,,
2/14/2021 7:30,0,,,
2/14/2021 7:15,0,,,
2/14/2021 7:00,0,,,
2/14/2021 6:45,0,,,
2/14/2021 6:30,0,,,
2/14/2021 6:15,0,,,
2/14/2021 6:00,0,,,
2/14/2021 5:45,0,,,
2/14/2021 5:30,0,,,
2/14/2021 5:15,0,,,
2/14/2021 5:00,0,,,
2/14/2021 4:45,0,,,
2/14/2021 4:30,0,,,
2/14/2021 4:15,0,,,
2/14/2021 4:00,0,,,
2/14/2021 3:45,0,,,
2/14/2021 3:30,0,,,
2/14/2021 3:15,0,,,
2/14/2021 3:00,0,,,
2/14/2021 2:45,0,,,
2/14/2021 2:30,0,,,
2/14/2021 2:15,0,,,
2/14/2021 2:00,0,,,
2/14/2021 1:45,0,,,
2/14/2021 1:30,0,,,
2/14/2021 1:15,0,,,
2/14/2021 1:00,0,,,
2/14/2021 0:45,0,,,
2/14/2021 0:30,0,,,
2/14/2021 0:15,0,,,
2/14/2021 0:00,0,,,
2/13/2021 23:45,0,,,
2/13/2021 23:30,0,,,
2/13/2021 23:15,0,,,
2/13/2021 23:00,0,,,
2/13/2021 22:45,0,,,
2/13/2021 22:30,0,,,
2/13/2021 22:15,0,,,
2/13/2021 22:00,0,,,
2/13/2021 21:45,0,,,
2/13/2021 21:30,0,,,
2/13/2021 21:15,0,,,
2/13/2021 21:00,0,,,
2/13/2021 20:45,0,,,
2/13/2021 20:30,0,,,
2/13/2021 20:15,0,,,
2/13/2021 20:00,0,,,
2/13/2021 19:45,0,,,
2/13/2021 19:30,0,,,
2/13/2021 19:15,0,,,
2/13/2021 19:00,0,,,
2/13/2021 18:45,0,,,
2/13/2021 18:30,0,,,
2/13/2021 18:15,0,,,
2/13/2021 18:00,0,,,
2/13/2021 17:45,0,,,
2/13/2021 17:30,0,,,
2/13/2021 17:15,0,,,
2/13/2021 17:00,0,,,
2/13/2021 16:45,0,,,
2/13/2021 16:30,0,,,
2/13/2021 16:15,0,,,
2/13/2021 16:00,0,,,
2/13/2021 15:45,0,,,
2/13/2021 15:30,0,,,
2/13/2021 15:15,0,,,
2/13/2021 15:00,0,,,
2/13/2021 14:45,0,,,
2/13/2021 14:30,0,,,
2/13/2021 14:15,0,,,
2/13/2021 14:00,0,,,
2/13/2021 13:45,0,,,
2/13/2021 13:30,0,,,
2/13/2021 13:15,0,,,
2/13/2021 13:00,0,,,
2/13/2021 12:45,0,,,
2/13/2021 12:30,0,,,
2/13/2021 12:15,0,,,
2/13/2021 12:00,0,,,
2/13/2021 11:45,0,,,
2/13/2021 11:30,0,,,
2/13/2021 11:15,0,,,
2/13/2021 11:00,0,,,
2/13/2021 10:45,0,,,
2/13/2021 10:30,0,,,
2/13/2021 10:15,0,,,
2/13/2021 10:00,0,,,
2/13/2021 9:45,0,,,
2/13/2021 9:30,0,,,
2/13/2021 9:15,0,,,
2/13/2021 9:00,0,,,
2/13/2021 8:45,0,,,
2/13/2021 8:30,0,,,
2/13/2021 8:15,0,,,
2/13/2021 8:00,0,,,
2/13/2021 7:45,0,,,
2/13/2021 7:30,0,,,
2/13/2021 7:15,0,,,
2/13/2021 7:00,0,,,
2/13/2021 6:45,0,,,
2/13/2021 6:30,0,,,
2/13/2021 6:15,0,,,
2/13/2021 6:00,0,,,
2/13/2021 5:45,0,,,
2/13/2021 5:30,0,,,
2/13/2021 5:15,0,,,
2/13/2021 5:00,0,,,
2/13/2021 4:45,0,,,
2/13/2021 4:30,0,,,
2/13/2021 4:15,0,,,
2/13/2021 4:00,0,,,
2/13/2021 3:45,0,,,
2/13/2021 3:30,0,,,
2/13/2021 3:15,0,,,
2/13/2021 3:00,0,,,
2/13/2021 2:45,0,,,
2/13/2021 2:30,0,,,
2/13/2021 2:15,0,,,
2/13/2021 2:00,0,,,
2/13/2021 1:45,0,,,
2/13/2021 1:30,0,,,
2/13/2021 1:15,0,,,
2/13/2021 1:00,0,,,
2/13/2021 0:45,0,,,
2/13/2021 0:30,0,,,
2/13/2021 0:15,0,,,
2/13/2021 0:00,0,,,
2/12/2021 23:45,0,,,
2/12/2021 23:30,0,,,
2/12/2021 23:15,0,,,
2/12/2021 23:00,0,,,
2/12/2021 22:45,0,,,
2/12/2021 22:30,0,,,
2/12/2021 22:15,0,,,
2/12/2021 22:00,0,,,
2/12/2021 21:45,0,,,
2/12/2021 21:30,0,,,
2/12/2021 21:15,0,,,
2/12/2021 21:00,0,,,
2/12/2021 20:45,0,,,
2/12/2021 20:30,0,,,
2/12/2021 20:15,0,,,
2/12/2021 20:00,0,,,
2/12/2021 19:45,0,,,
2/12/2021 19:30,0,,,
2/12/2021 19:15,0,,,
2/12/2021 19:00,0,,,
2/12/2021 18:45,0,,,
2/12/2021 18:30,0,,,
2/12/2021 18:15,0,,,
2/12/2021 18:00,0,,,
2/12/2021 17:45,0,,,
2/12/2021 17:30,0,,,
2/12/2021 17:15,0,,,
2/12/2021 17:00,0,,,
2/12/2021 16:45,0,,,
2/12/2021 16:30,0,,,
2/12/2021 16:15,0,,,
2/12/2021 16:00,0,,,
2/12/2021 15:45,0,,,
2/12/2021 15:30,0,,,
2/12/2021 15:15,0,,,
2/12/2021 15:00,0,,,
2/12/2021 14:45,0,,,
2/12/2021 14:30,0,,,
2/12/2021 14:15,0,,,
2/12/2021 14:00,0,,,
2/12/2021 13:45,0,,,
2/12/2021 13:30,0,,,
2/12/2021 13:15,0,,,
2/12/2021 13:00,0,,,
2/12/2021 12:45,0,,,
2/12/2021 12:30,0,,,
2/12/2021 12:15,0,,,
2/12/2021 12:00,0,,,
2/12/2021 11:45,0,,,
2/12/2021 11:30,0,,,
2/12/2021 11:15,0,,,
2/12/2021 11:00,0,,,
2/12/2021 10:45,0,,,
2/12/2021 10:30,0,,,
2/12/2021 10:15,0,,,
2/12/2021 10:00,0,,,
2/12/2021 9:45,0,,,
2/12/2021 9:30,0,,,
2/12/2021 9:15,0,,,
2/12/2021 9:00,0,,,
2/12/2021 8:45,0,,,
2/12/2021 8:30,0,,,
2/12/2021 8:15,0,,,
2/12/2021 8:00,0,,,
2/12/2021 7:45,0,,,
2/12/2021 7:30,0,,,
2/12/2021 7:15,0,,,
2/12/2021 7:00,0,,,
2/12/2021 6:45,0,,,
2/12/2021 6:30,0,,,
2/12/2021 6:15,0,,,
2/12/2021 6:00,0,,,
2/12/2021 5:45,0,,,
2/12/2021 5:30,0,,,
2/12/2021 5:15,0,,,
2/12/2021 5:00,0,,,
2/12/2021 4:45,0,,,
2/12/2021 4:30,0,,,
2/12/2021 4:15,0,,,
2/12/2021 4:00,0,,,
2/12/2021 3:45,0,,,
2/12/2021 3:30,0,,,
2/12/2021 3:15,0,,,
2/12/2021 3:00,0,,,
2/12/2021 2:45,0,,,
2/12/2021 2:30,0,,,
2/12/2021 2:15,0,,,
2/12/2021 2:00,0,,,
2/12/2021 1:45,0,,,
2/12/2021 1:30,0,,,
2/12/2021 1:15,0,,,
2/12/2021 1:00,0,,,
2/12/2021 0:45,0,,,
2/12/2021 0:30,0,,,
2/12/2021 0:15,0,,,
2/12/2021 0:00,0,,,
2/11/2021 23:45,0,,,
2/11/2021 23:30,0,,,
2/11/2021 23:15,0,,,
2/11/2021 23:00,0,,,
2/11/2021 22:45,0,,,
2/11/2021 22:30,0,,,
2/11/2021 22:15,0,,,
2/11/2021 22:00,0,,,
2/11/2021 21:45,0,,,
2/11/2021 21:30,0,,,
2/11/2021 21:15,0,,,
2/11/2021 21:00,0,,,
2/11/2021 20:45,0,,,
2/11/2021 20:30,0,,,
2/11/2021 20:15,0,,,
2/11/2021 20:00,0,,,
2/11/2021 19:45,0,,,
2/11/2021 19:30,0,,,
2/11/2021 19:15,0,,,
2/11/2021 19:00,0,,,
2/11/2021 18:45,0,,,
2/11/2021 18:30,0,,,
2/11/2021 18:15,0,,,
2/11/2021 18:00,0,,,
2/11/2021 17:45,0,,,
2/11/2021 17:30,0,,,
2/11/2021 17:15,0,,,
2/11/2021 17:00,0,,,
2/11/2021 16:45,0,,,
2/11/2021 16:30,0,,,
2/11/2021 16:15,0,,,
2/11/2021 16:00,0,,,
2/11/2021 15:45,0,,,
2/11/2021 15:30,0,,,
2/11/2021 15:15,0,,,
2/11/2021 15:00,0,,,
2/11/2021 14:45,0,,,
2/11/2021 14:30,0,,,
2/11/2021 14:15,0,,,
2/11/2021 14:00,0,,,
2/11/2021 13:45,0,,,
2/11/2021 13:30,0,,,
2/11/2021 13:15,0,,,
2/11/2021 13:00,0,,,
2/11/2021 12:45,0,,,
2/11/2021 12:30,0,,,
2/11/2021 12:15,0,,,
2/11/2021 12:00,0,,,
2/11/2021 11:45,0,,,
2/11/2021 11:30,0,,,
2/11/2021 11:15,0,,,
2/11/2021 11:00,0,,,
2/11/2021 10:45,0,,,
2/11/2021 10:30,0,,,
2/11/2021 10:15,0,,,
2/11/2021 10:00,0,,,
2/11/2021 9:45,0,,,
2/11/2021 9:30,0,,,
2/11/2021 9:15,0,,,
2/11/2021 9:00,0,,,
2/11/2021 8:45,0,,,
2/11/2021 8:30,0,,,
2/11/2021 8:15,0,,,
2/11/2021 8:00,0,,,
2/11/2021 7:45,0,,,
2/11/2021 7:30,0,,,
2/11/2021 7:15,0,,,
2/11/2021 7:00,0,,,
2/11/2021 6:45,0,,,
2/11/2021 6:30,0,,,
2/11/2021 6:15,0,,,
2/11/2021 6:00,0,,,
2/11/2021 5:45,0,,,
2/11/2021 5:30,0,,,
2/11/2021 5:15,0,,,
2/11/2021 5:00,0,,,
2/11/2021 4:45,0,,,
2/11/2021 4:30,0,,,
2/11/2021 4:15,0,,,
2/11/2021 4:00,0,,,
2/11/2021 3:45,0,,,
2/11/2021 3:30,0,,,
2/11/2021 3:15,0,,,
2/11/2021 3:00,0,,,
2/11/2021 2:45,0,,,
2/11/2021 2:30,0,,,
2/11/2021 2:15,0,,,
2/11/2021 2:00,0,,,
2/11/2021 1:45,0,,,
2/11/2021 1:30,0,,,
2/11/2021 1:15,0,,,
2/11/2021 1:00,0,,,
2/11/2021 0:45,0,,,
2/11/2021 0:30,0,,,
2/11/2021 0:15,0,,,
2/11/2021 0:00,0,,,
2/10/2021 23:45,0,,,
2/10/2021 23:30,0,,,
2/10/2021 23:15,0,,,
2/10/2021 23:00,0,,,
2/10/2021 22:45,0,,,
2/10/2021 22:30,0,,,
2/10/2021 22:15,0,,,
2/10/2021 22:00,0,,,
2/10/2021 21:45,0,,,
2/10/2021 21:30,0,,,
2/10/2021 21:15,0,,,
2/10/2021 21:00,0,,,
2/10/2021 20:45,0,,,
2/10/2021 20:30,0,,,
2/10/2021 20:15,0,,,
2/10/2021 20:00,0,,,
2/10/2021 19:45,0,,,
2/10/2021 19:30,0,,,
2/10/2021 19:15,0,,,
2/10/2021 19:00,0,,,
2/10/2021 18:45,0,,,
2/10/2021 18:30,0,,,
2/10/2021 18:15,0,,,
2/10/2021 18:00,0,,,
2/10/2021 17:45,0,,,
2/10/2021 17:30,0,,,
2/10/2021 17:15,0,,,
2/10/2021 17:00,0,,,
2/10/2021 16:45,0,,,
2/10/2021 16:30,0,,,
2/10/2021 16:15,0,,,
2/10/2021 16:00,0,,,
2/10/2021 15:45,0,,,
2/10/2021 15:30,0,,,
2/10/2021 15:15,0,,,
2/10/2021 15:00,0,,,
2/10/2021 14:45,0,,,
2/10/2021 14:30,0,,,
2/10/2021 14:15,0,,,
2/10/2021 14:00,0,,,
2/10/2021 13:45,0,,,
2/10/2021 13:30,0,,,
2/10/2021 13:15,0,,,
2/10/2021 13:00,0,,,
2/10/2021 12:45,0,,,
2/10/2021 12:30,0,,,
2/10/2021 12:15,0,,,
2/10/2021 12:00,0,,,
2/10/2021 11:45,0,,,
2/10/2021 11:30,0,,,
2/10/2021 11:15,0,,,
2/10/2021 11:00,0,,,
2/10/2021 10:45,0,,,
2/10/2021 10:30,0,,,
2/10/2021 10:15,0,,,
2/10/2021 10:00,0,,,
2/10/2021 9:45,0,,,
2/10/2021 9:30,0,,,
2/10/2021 9:15,0,,,
2/10/2021 9:00,0,,,
2/10/2021 8:45,0,,,
2/10/2021 8:30,0,,,
2/10/2021 8:15,0,,,
2/10/2021 8:00,0,,,
2/10/2021 7:45,0,,,
2/10/2021 7:30,0,,,
2/10/2021 7:15,0,,,
2/10/2021 7:00,0,,,
2/10/2021 6:45,0,,,
2/10/2021 6:30,0,,,
2/10/2021 6:15,0,,,
2/10/2021 6:00,0,,,
2/10/2021 5:45,0,,,
2/10/2021 5:30,0,,,
2/10/2021 5:15,0,,,
2/10/2021 5:00,0,,,
2/10/2021 4:45,0,,,
2/10/2021 4:30,0,,,
2/10/2021 4:15,0,,,
2/10/2021 4:00,0,,,
2/10/2021 3:45,0,,,
2/10/2021 3:30,0,,,
2/10/2021 3:15,0,,,
2/10/2021 3:00,0,,,
2/10/2021 2:45,0,,,
2/10/2021 2:30,0,,,
2/10/2021 2:15,0,,,
2/10/2021 2:00,0,,,
2/10/2021 1:45,0,,,
2/10/2021 1:30,0,,,
2/10/2021 1:15,0,,,
2/10/2021 1:00,0,,,
2/10/2021 0:45,0,,,
2/10/2021 0:30,0,,,
2/10/2021 0:15,0,,,
2/10/2021 0:00,0,,,
2/9/2021 23:45,0,,,
2/9/2021 23:30,0,,,
2/9/2021 23:15,0,,,
2/9/2021 23:00,0,,,
2/9/2021 22:45,0,,,
2/9/2021 22:30,0,,,
2/9/2021 22:15,0,,,
2/9/2021 22:00,0,,,
2/9/2021 21:45,0,,,
2/9/2021 21:30,0,,,
2/9/2021 21:15,0,,,
2/9/2021 21:00,0,,,
2/9/2021 20:45,0,,,
2/9/2021 20:30,0,,,
2/9/2021 20:15,0,,,
2/9/2021 20:00,0,,,
2/9/2021 19:45,0,,,
2/9/2021 19:30,0,,,
2/9/2021 19:15,0,,,
2/9/2021 19:00,0,,,
2/9/2021 18:45,0,,,
2/9/2021 18:30,0,,,
2/9/2021 18:15,0,,,
2/9/2021 18:00,0,,,
2/9/2021 17:45,0,,,
2/9/2021 17:30,0,,,
2/9/2021 17:15,0,,,
2/9/2021 17:00,0,,,
2/9/2021 16:45,0,,,
2/9/2021 16:30,0,,,
2/9/2021 16:15,0,,,
2/9/2021 16:00,0,,,
2/9/2021 15:45,0,,,
2/9/2021 15:30,0,,,
2/9/2021 15:15,0,,,
2/9/2021 15:00,0,,,
2/9/2021 14:45,0,,,
2/9/2021 14:30,0,,,
2/9/2021 14:15,0,,,
2/9/2021 14:00,0,,,
2/9/2021 13:45,0,,,
2/9/2021 13:30,0,,,
2/9/2021 13:15,0,,,
2/9/2021 13:00,0,,,
2/9/2021 12:45,0,,,
2/9/2021 12:30,0,,,
2/9/2021 12:15,0,,,
2/9/2021 12:00,0,,,
2/9/2021 11:45,0,,,
2/9/2021 11:30,0,,,
2/9/2021 11:15,0,,,
2/9/2021 11:00,0,,,
2/9/2021 10:45,0,,,
2/9/2021 10:30,0,,,
2/9/2021 10:15,0,,,
2/9/2021 10:00,0,,,
2/9/2021 9:45,0,,,
2/9/2021 9:30,0,,,
2/9/2021 9:15,0,,,
2/9/2021 9:00,0,,,
2/9/2021 8:45,0,,,
2/9/2021 8:30,0,,,
2/9/2021 8:15,0,,,
2/9/2021 8:00,0,,,
2/9/2021 7:45,0,,,
2/9/2021 7:30,0,,,
2/9/2021 7:15,0,,,
2/9/2021 7:00,0,,,
2/9/2021 6:45,0,,,
2/9/2021 6:30,0,,,
2/9/2021 6:15,0,,,
2/9/2021 6:00,0,,,
2/9/2021 5:45,0,,,
2/9/2021 5:30,0,,,
2/9/2021 5:15,0,,,
2/9/2021 5:00,0,,,
2/9/2021 4:45,0,,,
2/9/2021 4:30,0,,,
2/9/2021 4:15,0,,,
2/9/2021 4:00,0,,,
2/9/2021 3:45,0,,,
2/9/2021 3:30,0,,,
2/9/2021 3:15,0,,,
2/9/2021 3:00,0,,,
2/9/2021 2:45,0,,,
2/9/2021 2:30,0,,,
2/9/2021 2:15,0,,,
2/9/2021 2:00,0,,,
2/9/2021 1:45,0,,,
2/9/2021 1:30,0,,,
2/9/2021 1:15,0,,,
2/9/2021 1:00,0,,,
2/9/2021 0:45,0,,,
2/9/2021 0:30,0,,,
2/9/2021 0:15,0,,,
2/9/2021 0:00,0,,,
2/8/2021 23:45,0,,,
2/8/2021 23:30,0,,,
2/8/2021 23:15,0,,,
2/8/2021 23:00,0,,,
2/8/2021 22:45,0,,,
2/8/2021 22:30,0,,,
2/8/2021 22:15,0,,,
2/8/2021 22:00,0,,,
2/8/2021 21:45,0,,,
2/8/2021 21:30,0,,,
2/8/2021 21:15,0,,,
2/8/2021 21:00,0,,,
2/8/2021 20:45,0,,,
2/8/2021 20:30,0,,,
2/8/2021 20:15,0,,,
2/8/2021 20:00,0,,,
2/8/2021 19:45,0,,,
2/8/2021 19:30,0,,,
2/8/2021 19:15,0,,,
2/8/2021 19:00,0,,,
2/8/2021 18:45,0,,,
2/8/2021 18:30,0,,,
2/8/2021 18:15,0,,,
2/8/2021 18:00,0,,,
2/8/2021 17:45,0,,,
2/8/2021 17:30,0,,,
2/8/2021 17:15,0,,,
2/8/2021 17:00,0,,,
2/8/2021 16:45,0,,,
2/8/2021 16:30,0,,,
2/8/2021 16:15,0,,,
2/8/2021 16:00,0,,,
2/8/2021 15:45,0,,,
2/8/2021 15:30,0,,,
2/8/2021 15:15,0,,,
2/8/2021 15:00,0,,,
2/8/2021 14:45,0,,,
2/8/2021 14:30,0,,,
2/8/2021 14:15,0,,,
2/8/2021 14:00,0,,,
2/8/2021 13:45,0,,,
2/8/2021 13:30,0,,,
2/8/2021 13:15,0,,,
2/8/2021 13:00,0,,,
2/8/2021 12:45,0,,,
2/8/2021 12:30,0,,,
2/8/2021 12:15,0,,,
2/8/2021 12:00,0,,,
2/8/2021 11:45,0,,,
2/8/2021 11:30,0,,,
2/8/2021 11:15,0,,,
2/8/2021 11:00,0,,,
2/8/2021 10:45,0,,,
2/8/2021 10:30,0,,,
2/8/2021 10:15,0,,,
2/8/2021 10:00,0,,,
2/8/2021 9:45,0,,,
2/8/2021 9:30,0,,,
2/8/2021 9:15,0,,,
2/8/2021 9:00,0,,,
2/8/2021 8:45,0,,,
2/8/2021 8:30,0,,,
2/8/2021 8:15,0,,,
2/8/2021 8:00,0,,,
2/8/2021 7:45,0,,,
2/8/2021 7:30,0,,,
2/8/2021 7:15,0,,,
2/8/2021 7:00,0,,,
2/8/2021 6:45,0,,,
2/8/2021 6:30,0,,,
2/8/2021 6:15,0,,,
2/8/2021 6:00,0,,,
2/8/2021 5:45,0,,,
2/8/2021 5:30,0,,,
2/8/2021 5:15,0,,,
2/8/2021 5:00,0,,,
2/8/2021 4:45,0,,,
2/8/2021 4:30,0,,,
2/8/2021 4:15,0,,,
2/8/2021 4:00,0,,,
2/8/2021 3:45,0,,,
2/8/2021 3:30,0,,,
2/8/2021 3:15,0,,,
2/8/2021 3:00,0,,,
2/8/2021 2:45,0,,,
2/8/2021 2:30,0,,,
2/8/2021 2:15,0,,,
2/8/2021 2:00,0,,,
2/8/2021 1:45,0,,,
2/8/2021 1:30,0,,,
2/8/2021 1:15,0,,,
2/8/2021 1:00,0,,,
2/8/2021 0:45,0,,,
2/8/2021 0:30,0,,,
2/8/2021 0:15,0,,,
